2,3,4
16,17,0,1,2,4,5,6,7,8,18,19,20,21
19,20,22
18,19,22
14,15,16,18,22,20,21,23,24,25,26,27,28,29
25,26,30
24,25,30
27,28,31
31,28,29
10,11,12,13,14,23,32,33,34,35,36,37,38,39
39,23,24,30,26,27,31,29,21,8,9,10,32,40
38,39,40
33,34,41
36,37,42
41,33,32,40,38,37,42,43,44,45,46,47,48,49
47,46,50
50,47,48
44,43,51
45,44,51
49,48,50,46,45,51,43,41,34,35,52,53,54,55
52,53,56
54,55,57
56,52,49,42,36,35,55,57,58,59,60,61,62,63
62,61,64
64,62,63
58,56,53,54,57,63,64,61,60,65,66,67,68,69
59,60,69
68,67,70
65,66,71
71,65,58,59,69,68,70,72,73,74,75,76,77,78
77,76,79
79,77,78
72,71,66,67,70,78,79,76,75,80,81,82,83,84
74,75,84
80,72,73
83,82,85
85,83,84,74,73,80,81,86,87,88,89,90,91,92
88,89,93
93,89,90
86,87,94
91,92,95
94,87,88,93,90,91,95,96,97,98,99,100,101,102
102,95,92,81,82,85,86,94,96,103,104,105,106,107
98,99,108
108,98,97
104,105,109
103,104,109
100,101,110
106,107,111
110,101,102,103,109,105,106,111,112,113,114,115,116,117
113,114,118
112,113,118
117,111,107,96,97,108,99,100,110,112,118,114,115,119
116,117,119
115,116,119
