11,12,13
7,8,9,10,11,13,14,15,16,17,18,27,28,29,30,31
24,25,26
20,21,22,23,24,26,0,1,2,3,4,5,32,33,34,35
28,29,36
27,28,36
33,34,37
35,34,37
32,33,37,35,5,6,7,27,36,29,30,38,39,40,41,42
42,30,31
38,39,43
41,42,31,18,19,20,32,38,43,44,45,46,47,48,49,50
40,41,44
46,47,51
45,46,51
50,43,39,40,44,45,51,47,48,52,53,54,55,56,57,58
49,50,52
54,55,59
53,54,59
56,57,60
60,56,55,59,53,52,49,48,58,61,62,63,64,65,66,67
65,64,68
63,64,68
67,66,69
62,61,70
70,62,63,68,65,66,69,71,72,73,74,75,76,77,78,79
76,75,80
74,75,80
78,77,81
81,78,79
71,70,61,60,57,58,67,69,79,81,77,76,80,74,73,82
72,73,82
71,72,82
