14,13,12,11,10
8,7,6,5,4
2,1,0,17,16,18,19,20,21,22,23,24,25
25,16,15,14,10,9,8,4,3,2,18,26,27
26,25,24,28,29
27,26,28,30,31
19,18,27,30,32
29,24,23,33,34
31,28,29,33,35
32,30,31,35,36
20,19,32,36,37
37,36,35,33,34
22,21,38,39,40
40,21,20,37,34,23,22,38,41,42,43,44,45
41,40,39,46,47
42,41,46,48,49
47,39,38,45,50
49,46,47,50,51
51,50,45,44,52
52,44,43,53,54
54,43,42,48,55
55,54,53,56,57
56,57,58,59,60
60,57,53,52,51,49,48,55,56,58,61,62,63
61,60,59,64,65
65,59,58,63,66
64,65,66,67,68
68,66,63,62,69
67,68,69,70,71
70,71,72,73,74
74,71,69,62,61,64,67,70,72,75,76,77,78
75,74,73,79,80
80,73,72,78,81
77,76,82,83,84
84,83,85,86,87
87,83,82,88,89
86,87,88,90,91
89,88,91,92,93
90,86,85,94,95
93,91,90,94,96
92,93,96,97,98
98,96,94,95,99
79,80,81,100,101
101,81,78,77,82,89,92,97,102,103,104,105,106
106,97,98,99,107
107,99,95,85,84,76,75,79,100,108,109,110,111
108,107,106,105,112
109,108,112,113,114
114,112,105,104,115
102,101,100,111,116
116,111,110,117,118
118,110,109,113,119
119,113,114,115,120
117,118,119,120,121
121,120,115,104,103
102,116,117,121,103
