16,15,14,18
2,3,4,19
8,9,10,20
19,4,5,6,7,8,20,21,22,23,24,25,26,27,28
28,20,10,11,12,13,14,18,29,30,31,32,33,34,35
27,28,29,36
26,27,36,37
37,36,29,30
35,18,16,17,0,1,2,19,21,38,39,40,41,42,43
34,35,38,44
43,21,22,45
39,40,46,47
44,38,39,46
42,43,45,48
47,40,41,49
49,41,42,48
33,34,44,46,47,49,48,45,22,23,50,51,52,53,54
50,51,55,56
32,33,50,55
31,32,55,56
54,23,24,57
53,54,57,58
52,53,58,59
25,26,37,30,31,56,51,52,59,60,61,62,63,64,65
61,62,66,67
66,61,60,68
68,66,67,69
65,59,58,57,24,25,60,68,69,70,71,72,73,74,75
64,65,70,76
76,70,71,77
63,64,76,77
72,73,78,79
79,73,74,80
75,69,67,62,63,77,71,72,78,81,82,83,84,85,86
86,78,79,80
81,82,87,88
88,82,83,89
87,88,89,90
84,85,91,92
90,87,81,75,74,80,86,85,92,93,94,95,96,97,98
91,92,98,99
99,98,97,100
100,97,96,101
101,96,95,102
93,90,89,83,84,91,99,100,101,102,103,104,105,106,107
103,93,94,108
104,103,108,109
105,104,109,110
106,105,110,111
111,110,109,108,94,95,102,107,112,113,114,115,116,117,118
116,115,119,120
114,115,120,121
117,116,119,122
121,114,113,123
118,117,122,124
123,113,112,125
124,122,119,120,121,123,125,126,127,128,129,130,131,132,133
128,129,134,135
127,128,134,136
136,134,135,137
126,127,136,137
133,125,112,111,106,107,118,124,126,137,135,129,130,138,139
132,133,138,140
131,132,140,141
141,140,138,139
130,131,141,139
