24,23,22,21,20
11,10,9,8,7
5,4,3,2,1,0,26,27,28,29,30
30,26,25,24,20,19,18,31,32,33,34
13,12,11,7,6,5,27,35,36,37,38
34,18,17,16,15,14,13,35,39,40,41
31,30,29,42,43
28,27,38,44,45
43,29,28,44,46
42,43,46,47,48
48,46,44,45,49
49,45,38,37,50
32,31,42,47,51
51,47,48,49,50
36,35,41,52,53
33,32,51,50,37,36,52,54,55,56,57
39,34,33,54,58
58,54,55,59,60
60,55,56,61,62
57,52,53,63,64
62,56,57,63,65
61,62,65,66,67
59,60,61,66,68
67,65,63,64,69
68,66,67,69,70
70,69,64,53,41,40,71,72,73,74,75
75,40,39,58,59,68,70,71,76,77,78
76,75,74,79,80
77,76,79,81,82
78,77,81,83,84
72,71,78,83,85
85,83,84,86,87
87,84,81,82,88
88,82,79,80,89
86,87,88,89,90
90,89,80,74,73
72,85,86,90,73
