10,11,12,13,14
8,9,10,14,15,0,1,2,16,17,18
18,2,3,4,19
19,4,5,6,7,8,16,20,21,22,23
17,18,19,20,24
24,20,21,25,26
26,21,22,27,28
25,26,27,29,30
28,22,23,31,32
30,27,28,31,33
32,23,16,17,24,25,29,34,35,36,37
33,31,32,34,38
37,29,30,33,38
35,36,39,40,41
41,36,37,38,34,35,39,42,43,44,45
43,44,46,47,48
42,43,46,49,50
50,46,47,51,52
48,44,45,53,54
52,47,48,53,55
49,50,51,56,57
57,51,52,55,58
58,55,53,54,59
56,57,58,59,60
40,41,42,49,56,60,61,62,63,64,65
65,60,59,54,45,39,40,61,66,67,68
64,65,66,69,70
62,63,71,72,73
73,63,64,69,74
74,69,70,75,76
72,73,74,75,77
76,70,66,67,78
71,72,77,79,80
80,77,75,76,78
79,80,78,67,68
61,62,71,79,68
