4,5,6
12,0,1,2,3,4,6,7,8,9,10,13,14,15,16,17,18
14,15,19
13,14,19
16,17,20
20,16,15,19,13,12,11,10,18,21,22,23,24,25,26,27,28
27,26,29
29,27,28
25,24,30
22,21,31
31,21,20,17,18,28,29,26,25,30,32,33,34,35,36,37,38
36,35,39
37,36,39
33,32,40
40,33,34
23,22,31,32,40,34,35,39,37,38,41,42,43,44,45,46,47
42,43,48
41,42,48
47,38,30,24,23,41,48,43,44,49,50,51,52,53,54,55,56
55,54,57
56,55,57
51,50,58
58,50,49
53,52,59
45,46,60
59,52,51,58,49,47,46,60,61,62,63,64,65,66,67,68,69
64,65,70
70,65,66
62,63,71
61,62,71
69,60,45,44,56,57,54,53,59,61,71,63,64,70,66,67,72
72,69,68
67,72,68
