4,5,6,7,8,18,19
10,11,12,13,14,20,21
16,17,0,1,2,22,23
19,8,9,10,20,24,25
21,14,15,16,22,26,27
25,20,21,26
23,2,3,4,18,28,29
24,25,26,27,30,31,32
32,27,22,23,28,33,34
29,18,19,24,30,35,36
34,28,29,35
33,34,35,36,37,38,39
31,32,33,37,40,41,42
42,37,38,43
39,36,30,31,40,44,45
43,38,39,44
45,40,41,46,47,48,49
49,41,42,43,44,45,46
47,48,50,51,52,53,54
50,47,46,49,48,54,55
53,54,55,56
56,55,50,51,57,58,59
52,53,56,57,60,61,62
59,51,52,60,63,64,65
65,60,61,66
58,59,63,67
64,65,66,68
67,63,64,68,69,70,71
71,68,66,61,62,72,73
73,62,57,58,67,69,74
70,71,72,75
75,72,73,74
69,70,75,74
