4,5,6,7,8,18,19,20
10,11,12,13,14,21,22,23
16,17,0,1,2,24,25,26
20,8,9,10,21,27,28,29
19,20,27
29,21,22
23,14,15,16,24,30,31,32
32,24,25
26,2,3,4,18,33,34,35
28,29,22,23,30,36,37,38
35,18,19,27,28,36,39,40
34,35,39
40,36,37
33,34,39,40,37,38,41,42
31,32,25,26,33,41,43,44
42,38,30,31,43,45,46,47
47,43,44
46,47,44,41,42,45,48,49
48,49,50,51,52,53,54,55
55,49,45,46,48,50,56,57
52,53,58
51,52,58
57,50,51,58,53,54,59,60
59,60,61
61,59,57,56,62,63,64,65
62,61,60,54,55,56,65,66
63,64,67
67,64,65,66,68,69,70,71
71,66,62,63,67,68,72,73
69,70,74
72,73,75
74,70,71,72,75,76,77,78
78,75,73,68,69,74,76,79
77,78,79
76,77,79
