12,11,10,13
6,5,4,14
13,10,9,8,7,6,14,15,16,17,18,19,20
20,14,4,3,2,1,0,12,13,15,21,22,23
21,20,19,24
16,15,23,25
25,23,22,26
26,22,21,24
17,16,25,26,24,19,18,27,28,29,30,31,32
29,30,33,34
28,29,33,35
34,30,31,36
27,28,35,37
36,31,32,38
37,35,33,34,36,38,39,40,41,42,43,44,45
45,38,32,18,17,27,37,39,46,47,48,49,50
46,45,44,51
40,39,50,52
52,50,49,53
41,40,52,53
47,46,51,54
54,51,44,43
48,47,54,43,42,55,56,57,58,59,60,61,62
57,58,63,64
56,57,63,65
65,63,64,66
55,56,65,66
62,42,41,53,49,48,55,66,64,58,59,67,68
67,62,61,69
68,67,69,70
70,69,61,60
59,68,70,60
