4,5,6
10,11,12,13,14,15,16,17,18,19,20,21,22
22,12,0,1,2,3,4,6,7,8,9,10,13
16,17,23
15,16,23
19,20,24
24,19,18
14,15,23,17,18,24,20,21,25,26,27,28,29
25,26,30
28,29,31
31,29,21,22,13,14,25,30,32,33,34,35,36
33,34,37
32,33,37
35,36,38
38,35,34,37,32,31,28,27,39,40,41,42,43
43,42,44
39,38,36,30,26,27,43,44,45,46,47,48,49
45,39,40
48,47,50
49,48,50
41,42,44,49,50,47,46,51,52,53,54,55,56
52,53,57
51,52,57
56,46,45,40,41,51,57,53,54,58,59,60,61
55,56,58
59,60,62
62,59,58,55,54,61,63,64,65,66,67,68,69
67,66,70
70,66,65
69,68,71
64,63,72
72,64,65,70,67,68,71,73,74,75,76,77,78
77,76,79
78,77,79
73,72,63,62,60,61,69,71,78,79,76,75,80
74,75,80
73,74,80
