2,3,4,16
8,9,10,17
16,4,5,6,7,8,17,18,19,20,21,22,23
23,17,10,11,12,13,14,24,25,26,27,28,29
29,14,15,0,1,2,16,18,30,31,32,33,34
28,29,30,35
22,23,24,36
34,18,19,37
36,24,25,38
21,22,36,38
35,30,31,39
27,28,35,39
33,34,37,40
40,37,19,20
26,27,39,31,32,41,42,43,44,45,46,47,48
48,32,33,40,20,21,38,25,26,41,49,50,51
47,48,49,52
51,41,42,53
46,47,52,54
54,52,49,50
53,42,43,55
45,46,54,50,51,53,55,56,57,58,59,60,61
44,45,56,62
62,56,57,63
63,57,58,64
64,58,59,65
61,55,43,44,62,63,64,65,66,67,68,69,70
70,65,59,60
67,68,71,72
69,68,72,73
66,67,71,74
73,69,70,60,61,66,74,75,76,77,78,79,80
77,78,81,82
76,77,81,83
82,78,79,84
83,81,82,84
75,76,83,84,79,80,85,86,87,88,89,90,91
91,80,74,71,72,73,75,85,92,93,94,95,96
90,91,92,97
96,85,86,98
89,90,97,99
95,96,98,100
99,97,92,93
100,98,86,87
88,89,99,93,94,101,102,103,104,105,106,107,108
103,104,109,110
109,103,102,111
111,109,110,112
101,102,111,112
105,106,113,114
113,105,104,110,112,101,88,87,100,95,94,108,115
107,108,115,116
116,115,113,114
106,107,116,114
