10,9,8
14,13,12,11,10,8,7,6,5,4,16,17,18
16,17,19
19,16,14,15,0,1,2,20,21,22,23,24,25
24,23,26
26,24,25
18,4,3,2,25,26,23,22,27,28,29,30,31
21,22,31
29,28,32
32,28,27
30,29,32,27,18,17,19,20,33,34,35,36,37
37,36,38
33,34,39
38,37,20,21,31,30,33,39,40,41,42,43,44
43,42,45
44,43,45
41,40,46
46,41,42,45,44,39,34,35,47,48,49,50,51
51,50,52
47,46,40,38,36,35,51,52,53,54,55,56,57
48,47,53
55,56,58
54,55,58
49,48,53,54,58,56,57,59,60,61,62,63,64
60,61,65
59,60,65
64,57,52,50,49,59,65,61,62,66,67,68,69
66,64,63
69,68,70
70,69,62,63,66,67,71,72,73,74,75,76,77
75,74,78
78,74,73
77,76,79
72,71,80
80,72,73,78,75,76,79,81,82,83,84,85,86
85,84,87
87,85,86
83,82,88
81,80,71,70,68,67,77,79,86,87,84,83,88
81,88,82
