10,9,8,16
4,3,2,17
16,8,7,6,5,4,17,18,19,20,21
14,13,12,11,10,16,18,22,23,24,25
21,17,2,1,0,15,14,22,26,27,28
23,22,28,29
26,21,20,30
24,23,29,31
31,29,28,27
30,20,19,32
32,19,18,25,33,34,35,36,37,38,39
39,25,24,31,27,26,30,32,33,40,41
40,39,38,42
42,38,37,43
41,40,42,43
36,35,44,45
34,33,41,43,37,36,44,46,47,48,49
49,44,45,50
47,48,51,52
46,47,51,53
53,51,52,54
54,52,48,49,50,55,56,57,58,59,60
60,50,45,35,34,46,53,54,55,61,62
61,60,59,63
62,61,63,64
58,57,65,66
56,57,66,67
65,66,67,68
64,63,59,58,65,68,69,70,71,72,73
73,68,67,56,55,62,64,69,74,75,76
76,75,77,78
74,75,78,79
77,78,79,80
72,71,81,82
70,71,82,83
81,82,83,84
80,79,74,73,72,81,84,85,86,87,88
88,84,83,70,69,76,77,80,85,89,90
90,89,91,92
87,88,89,92
91,92,87,86
85,90,91,86
