14,13,12,11,10
2,1,0,15,14,10,9,8,16,17,18
4,3,2,16,19
18,8,7,6,5,4,19,20,21,22,23
17,16,19,23,24
24,23,22,25,26
26,22,21,27,28
25,26,27,29,30
28,21,20,31,32
30,27,28,31,33
32,20,18,17,24,25,29,34,35,36,37
34,32,31,33,38
38,33,30,29,37
36,35,39,40,41
41,35,34,38,37,36,39,42,43,44,45
44,43,46,47,48
45,44,46,49,50
47,46,50,51,52
42,43,48,53,54
54,48,47,51,55
55,51,52,56,57
53,54,55,56,58
57,52,50,49,59
58,56,57,59,60
40,41,42,53,58,60,61,62,63,64,65
65,60,59,49,45,39,40,61,66,67,68
64,65,66,69,70
63,64,69,71,72
62,63,71,73,74
68,61,62,73,75
67,68,75,76,77
77,75,73,74,78
78,74,71,72,79
76,77,78,79,80
80,79,72,69,70
66,67,76,80,70
