13,12,11,14
14,11,10,9
2,1,0,13,14,9,8,7,6,15,16,17,18,19,20
20,6,5,4
16,17,21,22
15,16,21,23
23,21,22,24
19,20,4,3,2,15,23,24,25,26,27,28,29,30,31
25,19,18,32
26,25,32,33
27,26,33,34
28,27,34,35
35,34,33,32,18,17,22,24,31,36,37,38,39,40,41
29,28,35,36
41,31,30,42
40,41,42,43
39,40,43,44
38,39,44,45
45,44,43,42,30,29,36,37,46,47,48,49,50,51,52
50,49,53,54
54,49,48,55
51,50,53,56
55,48,47,57
52,51,56,58
46,47,57,59
59,57,55,54,53,56,58,60,61,62,63,64,65,66,67
62,63,68,69
61,62,68,70
70,68,69,71
60,61,70,71
67,58,52,37,38,45,46,59,60,71,69,63,64,72,73
66,67,72,74
65,66,74,75
75,74,72,73
64,65,75,73
