4,5,6,13
10,11,12,14
13,6,7,8,9,10,14,15,16,17,18,19,20
20,14,12,0,1,2,3,4,13,15,21,22,23
19,20,21,24
23,15,16,25
24,21,22,26
26,22,23,25
18,19,24,26,25,16,17,27,28,29,30,31,32
29,30,33,34
31,30,34,35
28,29,33,36
27,28,36,37
35,31,32,38
37,36,33,34,35,38,39,40,41,42,43,44,45
45,38,32,17,18,27,37,39,46,47,48,49,50
44,45,46,51
50,39,40,52
43,44,51,53
53,51,46,47
49,50,52,54
54,52,40,41
42,43,53,47,48,55,56,57,58,59,60,61,62
57,58,63,64
56,57,63,65
65,63,64,66
55,56,65,66
62,48,49,54,41,42,55,66,64,58,59,67,68
61,62,67,69
60,61,69,70
70,69,67,68
59,60,70,68
