2,3,4,18
8,9,10,19
14,15,16,20
18,4,5,6,7,8,19,21,22,23,24,25,26
26,19,10,11,12,13,14,20,27,28,29,30,31
31,20,16,17,0,1,2,18,21,32,33,34,35
25,26,27,36
30,31,32,37
35,21,22,38
24,25,36,39
29,30,37,40
40,37,32,33
39,36,27,28
34,35,38,41
23,24,39,28,29,40,33,34,41,42,43,44,45
42,43,46,47
47,43,44,48
46,47,48,49
45,41,38,22,23,42,46,49,50,51,52,53,54
51,52,55,56
50,51,55,57
57,55,56,58
54,49,48,44,45,50,57,58,59,60,61,62,63
53,54,59,64
64,59,60,65
65,60,61,66
63,58,56,52,53,64,65,66,67,68,69,70,71
71,66,61,62
68,69,72,73
67,68,72,74
74,72,73,75
70,71,62,63,67,74,75,76,77,78,79,80,81
78,79,82,83
77,78,82,84
83,79,80,85
84,82,83,85
76,77,84,85,80,81,86,87,88,89,90,91,92
92,81,75,73,69,70,76,86,93,94,95,96,97
91,92,93,98
97,86,87,99
90,91,98,100
100,98,93,94
96,97,99,101
101,99,87,88
89,90,100,94,95,102,103,104,105,106,107,108,109
107,106,110,111
108,107,110,112
112,110,111,113
109,108,112,113
105,104,114,115
102,89,88,101,96,95,109,113,111,106,105,114,116
116,114,115,117
117,115,104,103
102,116,117,103
