6,7,8,9,14
13,0,1,2,15
4,5,6,14,16
11,12,13,15,17
16,14,9,10,11,17,18,19,20
20,17,15,2,3,4,16,18,21
19,20,21,22,23
22,23,24,25,26
26,23,21,18,19,22,24,27,28
25,26,27,29,30
28,24,25,29,31
31,29,30,32,33
33,30,27,28,31,32,34,35,36
34,35,37,38,39
39,35,36,40,41
41,36,32,33,34,37,42,43,44
40,41,42,45,46
38,39,40,45,47
44,37,38,47,48
48,47,45,46,49
43,44,48,49,50,51,52,53,54
54,49,46,42,43,50,55,56,57
53,54,55,58,59
52,53,58,60,61
51,52,60,62,63
57,50,51,62,64
56,57,64,65,66
66,64,62,63,67
67,63,60,61,68
65,66,67,68,69
69,68,61,58,59
55,56,65,69,59
