13,12,11
6,5,4,14,15,16,17,18,19,20,21,22,23,24
24,4,3,2,1,0,13,11,10,9,8,7,6,14
20,19,25
18,19,25
23,22,26
21,22,26
15,14,24,23,26,21,20,25,18,17,27,28,29,30
30,17,16
27,28,31
29,30,16,15,27,31,32,33,34,35,36,37,38,39
38,37,40
40,38,39
32,29,28,31,39,40,37,36,41,42,43,44,45,46
46,36,35
33,32,41
43,44,47
42,43,47
34,33,41,42,47,44,45,48,49,50,51,52,53,54
49,50,55
48,49,55
54,45,46,35,34,48,55,50,51,56,57,58,59,60
56,54,53
52,51,60
59,58,61
57,56,53,52,60,59,61,62,63,64,65,66,67,68
64,65,69
69,65,66
62,63,70
67,68,71
70,63,64,69,66,67,71,72,73,74,75,76,77,78
78,71,68,61,58,57,62,70,72,79,80,81,82,83
82,81,84
84,82,83
76,75,85
77,76,85
80,79,86
74,73,87
87,74,75,85,77,78,79,86,88,89,90,91,92,93
92,91,94
94,92,93
88,87,73,72,83,84,81,80,86,93,94,91,90,95
95,90,89
88,95,89
