16,15,14,18
10,9,8,19
18,14,13,12,11,10,19,20,21,22,23
23,19,8,7,6,5,4,24,25,26,27
27,4,3,2
26,27,2,1,0,17,16,18,20,28,29
28,26,25,30
24,23,22,31
30,25,24,31
29,28,30,31,22,21,32,33,34,35,36
33,34,37,38
35,34,38,39
32,33,37,40
39,35,36,41
40,37,38,39,41,42,43,44,45,46,47
47,41,36,21,20,29,32,40,42,48,49
48,47,46,50
49,48,50,51
45,44,52,53
53,44,43,54
52,53,54,55
51,50,46,45,52,55,56,57,58,59,60
60,55,54,43,42,49,51,56,61,62,63
63,62,64,65
65,62,61,66
64,65,66,67
59,58,68,69
69,58,57,70
68,69,70,71
67,66,61,60,59,68,71,72,73,74,75
75,71,70,57,56,63,64,67,72,76,77
76,75,74,78
77,76,78,79
79,78,74,73
72,77,79,73
