6,7,8,9,14
4,5,6,14,15
2,3,4,15,16
11,12,13,17,18
16,15,14,9,10,11,17,19,20,21,22,23
18,13,0,1,2,16,19,24,25,26,27,28
23,17,18,24,29
29,24,25,30,31
22,23,29,30,32
31,25,26,33,34
32,30,31,33,35
21,22,32,35,36
36,35,33,34,37
37,34,26,27,38
38,27,28,39,40
40,28,19,20,41
39,40,41,42,43
43,41,20,21,36,37,38,39,42,44,45,46
44,45,47,48,49
49,45,46,50,51
48,49,50,52,53
47,48,52,54,55
51,46,42,43,44,47,54,56,57,58,59,60
53,50,51,56,61
55,52,53,61,62
58,59,63,64,65
57,58,63,66,67
67,63,64,68,69
65,59,60,70,71
69,64,65,70,72
68,69,72,73,74
66,67,68,73,75
74,72,70,71,76
75,73,74,76,77
62,61,56,57,66,75,77,78,79,80,81,82
82,77,76,71,60,54,55,62,78,83,84,85
81,82,83,86,87
80,81,86,88,89
79,80,88,90,91
85,78,79,90,92
84,85,92,93,94
94,92,90,91,95
95,91,88,89,96
93,94,95,96,97
97,96,89,86,87
83,84,93,97,87
