4,5,6,14,15
11,12,13,16,17
15,6,7,8,9,10,11,16,18,19,20,21,22
17,13,0,1,2,3,4,14,23,24,25,26,27
22,16,17,23,28
27,14,15,18,29
21,22,28,30,31
31,28,23,24,32
26,27,29,33,34
34,29,18,19,35
20,21,30,36,37
37,30,31,32,38
38,32,24,25,39
36,37,38,39,40
33,34,35,41,42
41,42,43,44,45
40,39,25,26,33,41,43,46,47,48,49,50,51
45,42,35,19,20,36,40,46,52,53,54,55,56
44,45,52,57,58
51,43,44,57,59
50,51,59,60,61
61,59,57,58,62
62,58,52,53,63
60,61,62,63,64
49,50,60,64,65
65,64,63,53,54
48,49,65,54,55
56,46,47,66,67
66,67,68,69,70
70,67,47,48,55,56,66,68,71,72,73,74,75
69,70,71,76,77
75,68,69,76,78
74,75,78,79,80
80,78,76,77,81
81,77,71,72,82
73,74,79,83,84
82,72,73,83,85
85,83,84,86,87
86,87,88,89,90
88,86,85,82,81,80,79,84,87,90,91,92,93
89,90,93,94,95
91,88,89,94,96
92,93,95,97,98
98,95,94,96,99
97,98,99,100,101
100,101,102,103,104
104,101,99,96,91,92,97,100,102,105,106,107,108
103,104,105,109,110
108,102,103,109,111
106,107,112,113,114
114,113,115,116,117
112,113,117,118,119
116,117,119,120,121
118,119,121,122,123
115,116,120,124,125
123,121,120,125,126
124,125,126,127,128
122,123,126,128,129
110,109,111,130,131
127,124,115,114,107,108,111,131,132,133,134,135,136
129,128,127,132,137
130,110,105,106,112,118,122,129,137,138,139,140,141
133,132,137,141,142
138,130,131,136,143
135,136,143,144,145
145,143,138,139,146
134,135,144,147,148
148,144,145,146,149
149,146,139,140,150
147,148,149,150,151
151,150,140,141,142
133,134,147,151,142
