4,5,6,7,8
10,11,12,13,14
2,3,4,8,9,10,14,15,16,18,19
18,19,20,21,22
20,18,2,1,0,17,16,19,22,23,24
21,22,24,25,26
26,24,23,27,28
25,26,27,29,30
30,27,28,31,32
32,28,23,20,21,25,29,33,34,35,36
36,29,30,31,37
35,36,37,38,39
34,35,38,40,41
33,34,40,42,43
41,38,39,44,45
43,40,41,44,46
45,39,37,31,32,33,42,47,48,49,50
46,44,45,47,51
50,42,43,46,51
48,49,52,53,54
54,49,50,51,47,48,52,55,56,57,58
56,57,59,60,61
55,56,59,62,63
63,59,60,64,65
61,57,58,66,67
65,60,61,66,68
64,65,68,69,70
62,63,64,69,71
70,68,66,67,72
71,69,70,72,73
53,54,55,62,71,73,74,75,76,77,78
78,73,72,67,58,52,53,74,79,80,81
77,78,79,82,83
76,77,82,84,85
75,76,84,86,87
81,74,75,86,88
80,81,88,89,90
90,88,86,87,91
91,87,84,85,92
89,90,91,92,93
93,92,85,82,83
79,80,89,93,83
