4,5,6,7,8,16,17
10,11,12,13,14,18,19
19,14,15,0,1,2,20
17,8,9,10,18,21,22
20,2,3,4,16,23,24
22,18,19,20,23,25,26
21,22,25,27
24,16,17,21,27,28,29
29,27,25,26,30,31,32
32,26,23,24,28,33,34
31,32,33,35
34,28,29,30,36,37,38
35,33,34,36,39,40,41
38,30,31,35,39,42,43
37,38,42,44
44,42,43,45
41,36,37,44,45,46,47
47,45,43,39,40,48,49
49,40,41,46,50,51,52
52,46,47,48,53,54,55
55,48,49,50,56,57,58
54,55,56,59
59,56,57,60
58,50,51,61
53,54,59,60,62,63,64
64,60,57,58,61,65,66
66,61,51,52,53,62,67
63,64,65,68
68,65,66,67
62,63,68,67
