4,5,6,14,15
15,6,7,8,9,10,11,16,17,18,19
19,11,12,13,20
20,13,0,1,2,3,4,14,21,22,23
18,19,20,21,24
17,18,24,25,26
26,24,21,22,27
25,26,27,28,29
16,17,25,28,30
30,28,29,31,32
23,14,15,16,30,31,33,34,35,36,37
37,31,32,38,39
39,32,29,27,22,23,33,40,41,42,43
38,39,40,44,45
36,37,38,44,46
45,40,41,47,48
46,44,45,47,49
43,33,34,50,51
48,41,42,52,53
53,42,43,50,54
54,50,51,55,56
52,53,54,55,57
56,51,34,35,58
57,55,56,58,59
49,47,48,52,57,59,60,61,62,63,64
64,59,58,35,36,46,49,60,65,66,67
63,64,65,68,69
62,63,68,70,71
61,62,70,72,73
67,60,61,72,74
66,67,74,75,76
76,74,72,73,77
77,73,70,71,78
75,76,77,78,79
79,78,71,68,69
65,66,75,79,69
