2,3,4
16,17,0,1,2,4,5,6,7,8,18,19,20
18,19,21
21,19,20
14,15,16,18,21,20,8,9,10,22,23,24,25
22,23,26
26,22,14,13,12,11,10,25,27,28,29,30,31
24,25,31
30,29,32
27,28,33
33,27,26,23,24,31,30,32,34,35,36,37,38
34,35,39
38,37,40
40,38,32,29,28,33,34,39,41,42,43,44,45
44,43,46
46,44,45
42,41,47
36,35,39,45,46,43,42,47,48,49,50,51,52
48,49,53
52,47,41,40,37,36,48,53,54,55,56,57,58
54,52,51
57,56,59
55,56,59
58,57,59,55,54,51,50,60,61,62,63,64,65
61,62,66
66,61,60
65,50,49,53,58,60,66,62,63,67,68,69,70
70,69,71
71,69,68
64,63,70,71,68,67,72,73,74,75,76,77,78
74,75,79
79,75,76
72,73,80
77,78,81
80,73,74,79,76,77,81,82,83,84,85,86,87
83,84,88
82,83,88
85,86,89
89,85,84,88,82,80,72,64,65,67,78,81,87
86,89,87
