12,0,1,2,3,4,13,14,15,16
14,15,17
16,15,17
13,14,17,16,4,5,6,18,19,20
20,6,7,8,9,10,21,22,23,24
19,20,21
24,10,11,12,13,18,25,26,27,28
23,24,25
27,28,29
22,21,19,18,28,29,30,31,32,33
32,31,34
33,32,34
30,22,23,25,26,35,36,37,38,39
39,26,27,29,33,34,31,30,35,40
38,39,40
37,38,40,35,36,41,42,43,44,45
42,43,46
41,42,46
45,36,37,41,46,43,44,47,48,49
47,48,50
50,47,45,44,49,51,52,53,54,55
54,53,56
56,53,52
55,54,56,52,51,57,58,59,60,61
61,51,50,48,49,55,57,62,63,64
60,61,62
64,57,58
59,60,62,63,65,66,67,68,69,70
66,67,71
65,66,71
70,63,64,58,59,65,71,67,68,72
69,70,72
68,69,72
