7,8,9,10,11
20,21,22,23,24
26,0,1,2,3,4,5,27,28,29,30
18,19,20,24,25,26,27,31,32,33,34
30,5,6,7,11,12,13,35,36,37,38
38,13,14,15,16,17,18,31,39,40,41
29,30,35,42,43
34,27,28,44,45
45,28,29,42,46
44,45,46,47,48
48,46,42,43,49
33,34,44,47,50
49,43,35,36,51
50,47,48,49,51
37,38,39,52,53
32,33,50,51,36,37,52,54,55,56,57
41,31,32,54,58
58,54,55,59,60
60,55,56,61,62
57,52,53,63,64
62,56,57,63,65
61,62,65,66,67
59,60,61,66,68
67,65,63,64,69
68,66,67,69,70
40,41,58,59,68,70,71,72,73,74,75
75,70,69,64,53,39,40,71,76,77,78
74,75,76,79,80
73,74,79,81,82
72,73,81,83,84
78,71,72,83,85
77,78,85,86,87
87,85,83,84,88
88,84,81,82,89
86,87,88,89,90
90,89,82,79,80
76,77,86,90,80
