4,5,6
10,11,12,13,14,15,16,17,18,19,20,21,22
22,12,0,1,2,3,4,6,7,8,9,10,13
16,17,23
15,16,23
20,19,24
18,19,24
21,20,24,18,17,23,15,14,25,26,27,28,29
25,26,30
28,29,31
30,25,21,22,13,14,29,31,32,33,34,35,36
33,34,37
32,33,37
35,36,38
27,26,30,32,37,34,35,38,39,40,41,42,43
39,40,44
43,38,36,31,28,27,39,44,45,46,47,48,49
45,43,42
48,47,50
46,47,50
49,48,50,46,45,42,41,51,52,53,54,55,56
52,53,57
51,52,57
56,41,40,44,49,51,57,53,54,58,59,60,61
58,56,55
61,60,62
59,58,55,54,61,62,63,64,65,66,67,68,69
65,66,70
70,66,67
63,64,71
68,69,72
72,68,67,70,65,64,71,73,74,75,76,77,78
77,76,79
79,77,78
73,72,69,62,60,59,63,71,78,79,76,75,80
80,75,74
73,80,74
