16,15,14
2,1,0,17,16,14,13,12,11,10,18,19,20,21
19,20,22
21,20,22
18,19,22,21,10,9,8,23,24,25,26,27,28,29
25,26,30
30,25,24
27,28,31
29,28,31
4,3,2,18,23,32,33,34,35,36,37,38,39,40
40,23,24,30,26,27,31,29,8,7,6,5,4,32
38,37,41
39,38,41
33,32,40,39,41,37,36,42,43,44,45,46,47,48
43,44,49
42,43,49
46,47,50
50,47,48
35,34,51
45,46,50,48,36,35,51,52,53,54,55,56,57,58
58,51,34,33,42,49,44,45,52,59,60,61,62,63
62,61,64
64,62,63
55,56,65
57,56,65
53,54,66
59,60,67
67,59,58,57,65,55,54,66,68,69,70,71,72,73
72,71,74
73,72,74
70,69,75
75,70,71,74,73,66,53,52,63,64,61,60,67,68
68,69,75
