6,7,8,9,14
4,5,6,14,15
2,3,4,15,16
11,12,13,17,18
16,15,14,9,10,11,17,19,20,21,22,23,24
24,17,18,25,26
26,18,13,0,1,2,16,19,27,28,29,30,31
25,26,27,32,33
23,24,25,32,34
33,27,28,35,36
34,32,33,35,37
22,23,34,37,38
38,37,35,36,39
39,36,28,29,40
21,22,38,39,40
31,19,20,41,42
30,31,41,43,44
44,41,42,45,46
46,42,20,21,40,29,30,43,47,48,49,50,51
51,43,44,45,52
52,45,46,47,53
50,51,52,53,54
54,53,47,48,55
55,48,49,56,57
56,57,58,59,60
58,56,55,54,50,49,57,60,61,62,63,64,65
59,60,65,66,67
61,58,59,66,68
64,65,67,69,70
70,67,66,68,71
71,68,61,62,72
63,64,69,73,74
72,62,63,73,75
75,73,74,76,77
76,77,78,79,80
78,76,75,72,71,70,69,74,77,80,81,82,83
79,80,83,84,85
81,78,79,84,86
82,83,85,87,88
88,85,84,86,89
87,88,89,90,91
90,91,92,93,94
94,91,89,86,81,82,87,90,92,95,96,97,98
93,94,95,99,100
98,92,93,99,101
96,97,102,103,104
102,103,105,106,107
107,103,104,108,109
106,107,108,110,111
105,106,110,112,113
111,108,109,114,115
113,110,111,114,116
112,113,116,117,118
118,116,114,115,119
117,118,119,120,121
121,119,115,109,104,97,98,101,122,123,124,125,126
126,101,99,100,127
127,100,95,96,102,105,112,117,120,128,129,130,131
125,126,127,128,132
131,120,121,122,133
124,125,132,134,135
135,132,128,129,136
123,124,134,137,138
138,134,135,136,139
139,136,129,130,140
137,138,139,140,141
141,140,130,131,133
122,123,137,141,133
