16,15,14,18
18,14,13,12,11,10,19,20,21
2,1,0,17,16,18,19,22,23
21,10,9,8
20,21,8,7,6,5,4,24,25
23,19,20,24
22,23,24,25,26,27,28,29,30
30,25,4,3,2,22,26,31,32
31,30,29,33
32,31,33,34
28,27,35,36
34,33,29,28,35,37,38,39,40
36,27,26,32,34,37,41,42,43
41,36,35,40
42,41,40,39
38,37,43,44,45,46,47,48,49
49,43,42,39,38,44,50,51,52
50,49,48,53
45,44,52,54
53,48,47,55
51,50,53,55
46,45,54,56,57,58,59,60,61
61,54,52,51,55,47,46,56,62
62,61,60,63
57,56,62,63
58,57,63,60,59,64,65,66,67
65,66,68,69
64,65,68,70
70,68,69,71
71,69,66,67,72,73,74,75,76
76,67,59,58,64,70,71,72,77
75,74,78,79
79,74,73,80
78,79,80,81
77,76,75,78,81,82,83,84,85
85,81,80,73,72,77,82,86,87
86,85,84,88
87,86,88,89
89,88,84,83
82,87,89,83
