26,0,1,2,3,4,5,27,28
24,25,26,27
20,21,22,23,24,27,28,29,30
18,19,20,29
13,14,15,16,17,18,29,30,31
31,30,28,5,6,7,32,33,34
34,7,8,9,10,11,35,36,37
37,11,12,13,31,32,38,39,40
36,37,38,41
41,38,39,42
35,36,41,42
40,32,33,43,44,45,46,47,48
48,33,34,35,42,39,40,43,49
47,48,49,50
50,49,43,44
46,47,50,44,45,51,52,53,54
52,53,55,56
51,52,55,57
57,55,56,58
58,56,53,54,59,60,61,62,63
63,54,45,46,51,57,58,59,64
60,61,65,66
62,61,66,67
65,66,67,68
68,67,62,63,64,69,70,71,72
72,64,59,60,65,68,69,73,74
71,72,73,75
70,71,75,76
76,75,73,74
69,70,76,74
