4,5,6
12,0,1,2,3,4,6,7,8,9,10,13,14,15,16,17
14,15,18
18,14,13
17,10,11,12,13,18,15,16,19,20,21,22,23,24,25,26
20,21,27
27,20,19
22,23,28
26,25,29
28,22,21,27,19,17,16,26,29,30,31,32,33,34,35,36
34,33,37
35,34,37
31,30,38
32,31,38
36,35,37,33,32,38,30,28,23,24,39,40,41,42,43,44
40,41,45
45,40,39
44,24,25,29,36,39,45,41,42,46,47,48,49,50,51,52
43,44,46
48,49,53
53,48,47
50,51,54
52,42,43,46,47,53,49,50,54,55,56,57,58,59,60,61
57,58,62
62,58,59
55,56,63
60,61,64
64,60,59,62,57,56,63,65,66,67,68,69,70,71,72,73
70,69,74
68,69,74
66,67,75
65,66,75
73,63,55,52,51,54,61,64,65,75,67,68,74,70,71,76
76,73,72
71,76,72
