20,19,18
24,23,22,21,20,18,17,16,15,14,13
5,4,3,2,1,0,26,27,28,29,30
30,26,25,24,13,12,11,31,32,33,34
29,30,31
33,34,35
35,34,11,10,9,8,7,36,37,38,39
38,37,40
36,37,40
39,38,40,36,35,33,32,41,42,43,44
42,43,45
44,43,45
41,42,45,44,32,31,29,28,46,47,48
27,5,6,7,39,41,46,49,50,51,52
52,51,53
53,51,50
48,47,54
49,27,28,48,54,55,56,57,58,59,60
55,49,50,53,52,46,47,54,60,61,62
59,60,62
61,55,56
58,59,62,61,56,57,63,64,65,66,67
64,65,68
68,64,63
67,57,58,63,68,65,66,69,70,71,72
69,70,73
72,71,74
73,69,67,66,72,74,75,76,77,78,79
78,77,80
80,77,76
79,78,80,76,75,81,82,83,84,85,86
86,75,73,70,71,74,79,81,87,88,89
85,86,87
89,81,82
83,84,90
90,84,85,87,88,91,92,93,94,95,96
92,93,97
97,92,91
96,88,89,82,83,90,91,97,93,94,98
95,96,98
94,95,98
