4,5,6,13
10,11,12,14
13,6,7,8,9,10,14,15,16,17,18,19,20,21,22
22,14,12,0,1,2,3,4,13,15,23,24,25,26,27
21,22,23,28
27,15,16,29
20,21,28,30
29,16,17,31
19,20,30,32
31,17,18,33
33,18,19,32
26,27,29,31,33,32,30,28,23,24,34,35,36,37,38
25,26,34,39
38,24,25,39
35,36,40,41
40,41,42,43
43,42,44,45
45,42,40,35,34,39,38,37,46,47,48,49,50,51,52
44,45,46,53
53,46,47,54
54,47,48,55
52,37,36,41,43,44,53,54,55,56,57,58,59,60,61
49,48,55,61
56,52,51,62
57,56,62,63
63,62,51,50
60,59,64,65
65,59,58,66
66,58,57,63,50,49,61,60,64,67,68,69,70,71,72
70,69,73,74
71,70,73,75
75,73,74,76
72,71,75,76
68,67,77,78
78,77,79,80
80,77,68,69,74,76,72,64,65,66,67,78,79,81,82
82,81,83,84
84,83,85,86
85,84,81,80,79,82,83,86,87,88,89,90,91,92,93
89,90,94,95
88,89,94,96
96,94,95,97
87,88,96,97
93,86,85,87,97,95,90,91,98,99,100,101,102,103,104
98,93,92,105
99,98,105,106
100,99,106,107
101,100,107,108
103,102,109,110
104,103,109,111
111,109,110,112
108,107,106,105,92,91,104,111,112,113,114,115,116,117,118
114,115,119,120
113,114,119,121
121,119,120,122
118,112,110,102,101,108,113,121,122,123,124,125,126,127,128
123,118,117,129
124,123,129,130
130,129,117,116
125,124,130,116,115,120,122,128,131,132,133,134,135,136,137
137,128,127,138
136,137,138,139
139,138,127,126
132,133,140,141
140,132,131,142
142,140,141,143
135,136,139,126,125,131,142,143,144,145,146,147,148,149,150
144,135,134,151
145,144,151,152
146,145,152,153
147,146,153,154
154,153,152,151,134,133,141,143,150,155,156,157,158,159,160
148,147,154,155
160,150,149,161
159,160,161,162
158,159,162,163
157,158,163,164
164,163,162,161,149,148,155,156,165,166,167,168,169,170,171
169,168,172,173
173,168,167,174
170,169,172,175
174,167,166,176
171,170,175,177
176,166,165,178
177,175,172,173,174,176,178,179,180,181,182,183,184,185,186
181,182,187,188
180,181,187,189
188,187,189,190
190,189,180,179
183,182,188,190,179,177,171,156,157,164,165,178,186,191,192
185,186,192,193
184,185,193,194
194,193,192,191
183,184,194,191
