8,9,10,11,12,13,18
17,0,1,2,3,4,19
6,7,8,18,20,21,22
22,18,13,14,15,23,24
24,15,16,17,19,25,26
26,19,4,5,6,20,27
21,22,23,28
28,23,24,25,29,30,31
27,20,21,28,29,32,33
31,25,26,27,32,34,35
30,31,34,36
33,29,30,36,37,38,39
39,36,34,35,40,41,42
42,35,32,33,37,43,44
38,39,40,45
44,37,38,45
41,42,43,46,47,48,49
49,43,44,45,40,41,46
47,48,50,51,52,53,54
50,47,46,49,48,54,55
53,54,55,56
56,55,50,51,57,58,59
52,53,56,57,60,61,62
59,51,52,60,63,64,65
65,60,61,66
58,59,63,67
64,65,66,68
67,63,64,68,69,70,71
71,68,66,61,62,72,73
73,62,57,58,67,69,74
70,71,72,75
75,72,73,74
69,70,75,74
