4,5,6,7,8,18,19
10,11,12,13,14,20,21
16,17,0,1,2,22,23
19,8,9,10,20,24,25
21,14,15,16,22,26,27
23,2,3,4,18,28,29
25,20,21,26
28,29,30,31
27,22,23,28,30,32,33
31,29,18,19,24,34,35
35,24,25,26,27,32,36
33,30,31,34,37,38,39
39,34,35,36,40,41,42
42,36,32,33,37,43,44
38,39,40,45
45,40,41,46
44,37,38,45,46,47,48
48,46,41,42,43,49,50
50,43,44,47,51,52,53
53,47,48,49,54,55,56
56,49,50,51,57,58,59
55,56,57,60
60,57,58,61
59,51,52,62
54,55,60,61,63,64,65
65,61,58,59,62,66,67
67,62,52,53,54,63,68
64,65,66,69
69,66,67,68
63,64,69,68
