2,3,4,16
8,9,10,17
16,4,5,6,7,8,17,18,19,20,21,22,23,24,25
21,22,26,27
23,22,27,28
28,27,26,29
24,23,28,29
20,19,30,31
18,19,31,32
30,31,32,33
33,32,18,16,2,1,0,15,14,34,35,36,37,38,39
25,24,29,26,21,20,30,33,34,40,41,42,43,44,45
39,14,13,12,11,10,17,25,40,46,47,48,49,50,51
41,40,51,52
46,39,38,53
35,34,45,54
52,51,50,55
42,41,52,55
47,46,53,56
56,53,38,37
54,45,44,57
36,35,54,57
48,47,56,37,36,57,44,43,58,59,60,61,62,63,64
49,48,58,65
65,58,59,66
66,59,60,67
64,43,42,55,50,49,65,66,67,68,69,70,71,72,73
68,64,63,74
61,60,67,73
69,68,74,75
75,74,63,62
72,71,76,77
76,72,73,61,62,75,69,70,78,79,80,81,82,83,84
78,76,77,85
79,78,85,86
80,79,86,87
81,80,87,88
82,81,88,89
89,88,87,86,85,77,71,70,84,90,91,92,93,94,95
95,84,83,96
94,95,96,97
93,94,97,98
91,92,99,100
99,91,90,101
101,99,100,102
98,97,96,83,82,89,90,101,102,103,104,105,106,107,108
107,106,109,110
108,107,109,111
111,109,110,112
103,98,93,92,100,102,108,111,112,113,114,115,116,117,118
104,103,113,119
119,113,114,120
105,104,119,120
116,117,121,122
118,117,122,123
123,118,112,110,106,105,120,114,115,124,125,126,127,128,129
124,123,122,121
128,127,130,131
129,128,130,132
132,130,131,133
133,132,129,115,116,121,124,125,134,135,136,137,138,139,140
140,125,126,141
139,140,141,142
138,139,142,143
137,138,143,144
136,137,144,145
145,144,143,142,141,126,127,131,133,134,146,147,148,149,150
146,147,151,152
152,147,148,153
153,148,149,154
151,152,153,154
135,136,145,146,151,154,149,150,155,156,157,158,159,160,161
157,158,162,163
163,158,159,164
156,157,162,165
164,159,160,166
155,156,165,167
166,160,161,168
167,165,162,163,164,166,168,169,170,171,172,173,174,175,176
171,172,177,178
170,171,177,179
179,177,178,180
169,170,179,180
173,174,181,182
176,168,161,150,134,135,155,167,169,180,178,172,173,181,183
175,176,183,184
184,183,181,182
174,175,184,182
