(10,10,10)
1111111111111111111111111111111111111111111111111111111111111000
1010
11100000000000000
111000101000000000
11100011100000000
111101011100000000
11111111100000000
10000001000000
1100000100000
110000110000
1101010110000
111110110000
1111101101010
111111110110
11110000000
111101010000
11111110000
100100000000
11010000000
110100010100
11101101000
111011011010
11111110110
111100000000
1111010100000
111111100000
1000100000000
10100010001000
1110010001000
11101011000100
1111111001000
10100100000000
1110010000000
11101010000100
1111110010000
11111110110000
111000100000000
1110001001010000
111001000111000
1111010111001000
11111000100111100000000000000
111110001001111000001010000000
1111101100011111000000010100000
11111011000111110000101010100000
1111100011100000000001000010101010000
11111000111000000010101000010101010000
111110001110010100010101000010101010000
111110010000000000001010100010101000010101010000
1111100100000010100001010100010101000010101010000
11111001000101010100001010100010101000010101010000
1010101000101000000000010001010101000010101000101010000
10101010001010100000001010001010101000010101000101010000
101010100010101010000101010001010101000010101000101010000
1010101010101010100010101000010101010001010101000010101000
10101010101010101000101010101010101010001010101000010101000
101010101010101010001010101010101010100010101010101010101000
