(10,10,10)
1111111111111111111111111111111111111111111111111111111111110000
100100
101010
110110
1111000000
1000010000
1010001000
1101001000
1110101000
110100100000
1100100001000000
11010000100000
110000100001000000
11010010001000010000
11101010001000010000
1101000100001000100000
11100010000100010000
1001000010001000100000
110011000010001000100000
1101100001000100010000
11100001000100010001000000
1000100010001000100000100000
1010000100010001000100010000
1101000100010001000100010000
11100010001000100010001000
1001000100010001000100100000
1010100010001000100010010000
1010100010001000100010100000001000
101010001000100100101000100010001000
101010101000100010101000100010001000
11001010101000100010001000101010101000
1110010101010101000100010001000101010100
101010101010100010001000100010101010100000
10101010101010010000000010101010101000100010001000
1010101010101001000001001010101010101000100010001000
1010101010101010100010001000100010101010101010010000
1010101010101010100010101010101010101000100010001000
110010100010101010101010101000101010101010101010001000
11100101000101010101010101010001010101010101010100010100
1010101010101010100010101010101010101000101010000010101000
101010101010101010001010101010101010100010101010010010101000
101010101010101010001010101010101010100010101010101010101000
