(10,10,9)
1111111111111111111111111111111111111111111111111111111111111000
1010
11100000000000000
111000101000000000
11100011100000000
111101011100000000
11111111100000000
10000001000000
1100000100000
110000110000
1101010110000
111110110000
1111101101010
111111110110
11110000000
111110100000
11111110000
100100000000
1010001001000
111001001000
1110101100100
111111100100
1010100000000
111010000000
11111000000
111110101000
11111111000
1010000000
111000000
1111010000
11111010010
1111111010
11100000000
111000101000
11100111000
111101011100
11111111100
11000000
110101000
1110101010
111111010
111000000000
1110001010000
111001110000
1110101011100
11110111101010
1111111011110
11111111100000000000
10000001000000000
101000100000010000
11100010000001000
111010110000001000
11111110001000000
100100000100000000
1010100100000000100
111100100000000100
1010000000010100000000000
111000000001010000000000
101000000010000000000001000000000
1010000100000000010100000001000000
1010100000001000000101000010000001000000000000000
10101000000100001010000001000000010101000000000000
101010000101000000101010000000100000010100001000000
1010100001010100000010100001010100000010000101000000
10101010100000010101000010101000000101000010101000000
101010101010100000010101010100000010101000010101000000
1010101010101000101010101010100000010101000010101000000
10101010101010100000010101010101010001010101010101000000
101010101010101010001010101010101010000001010101010101000
1010101010101010100010101010101010101000101010101010101000
