(10,10,9)
1111111111111111111111111111111111111111111111111111111111110000
100100
11001100
110110
1111000000000
111100100100000
111101010100000
111101101100000
1111111100000
10001000
1100101000
1101011000
111010110100
111010111010
111101111010
111110111110
1111111000000
1000010000
101001010000
110101010000
110110110000
1111110000
100100000
101010000
110100010
1111000
111110100
1101000000
1110100000
1111010000
1111101000
11001000000
110100000
111010000
111101000
11111010100
110101000000
11010100010010
11101010001010
11110110001010
11111011000110
1111101110010110
1111101110101110
11110101111000000
1111101011110000100
11110110000001010000
11100000010100010000000
1111001000001000101000000
111110010000101000100000100
1010001000001010000001010000
1101000001010000010001010000
1110100001010000010001010000
1111010001010000010001010000
1100010100000100010100010000000
110001010000010001010001010010000
110101000011000101000001000101000
111011000011000101000001000101000
11110110000110001010000010001010100
11100001100010100000100010101010000000
1110000110001010000010001010101010010000
1110001010101010101000100000101000110000
111100101010101010101000100000101000110000
110001010000010001010101010101010100000001000
11000101000001000101010101010101010001001001000
11000101010100010101010101010101000100000101000
1100010101010001010101010101010100010100100101000
1100010101010101000101010101010101010001010101000
111001010101010001010101010101010100010101010101000
11110010101010101010001010101010101010100010101010100
10101010101010101000101010101010101000000010101010101000
1010101010101010100010101010101010100001001010101010101000
1010101010101010100010101010101010101000101010101010101000
