(10,10,10)
1111111111111111111111111111111111111111111111111111111111100000
10001000
10010010000000
10010010010001000
100100100100100100
1010010100100100100
11001010100100100100
110011001100100100100
1101001010010011001100
11010010101001011001100
111001100110100101010100
1110011001110010101010100
111001101000001010101010100
11010000010101010101010000010
111010000010101010101010000100
1111001000010101010101010000100
1010101010101000010100001010000
101010101010100001010100000000101010000
101010101010100001010100100010000101010000
1010101010101000010101010010010000101010000
10101010101010000101010101001010000101010000
10101010101010000101010101001010100010101010000
110100101010101000010101010101010000101010100100
1101001010101010000101010101010100001010101010010
11101001010101010000101010101010100001010101010100
111100101010101010000101010101010100001010101010100
101010101010100001010101010101000010101010101010000
101010101010101000101010101010101000010101010101010000
101010101010101010001010101010101010000101010101010101000
101010101010101010001010101010101010100010101010101010101000
