(10,10,9)
1111111111111111111111111111111111111111111111111111111111110000
100100
101010
110110
111100000000000
11110100100000000
11110101010000000
11110110110000000
111111110000000
100000100000
101000010000
101000101000
110100101000
110101011000
111011011000
1111111000
111111110100
110100000
110000100000000000
11000010000100100000
11000010001010100000
11011000100001100000
111100010000110000
11111001010000110000
11000100000000101010000
1100100000010101000011000
1101100001100011001000000
111001100000011011000011000
1111000011000111001100000
111100111000001111000011000
11111001111000001111000011000
1111101001110000111100000111100
1111110101110000111100000111100
11110100000001101110000111100000
111110000111100000111101000000
111110100000111110000111100000
111111010000111110000111100000
1111100001111000010000000110000
1111100010000000000010000001000011110000
111110001000000100100010000001000011110000
111110001000001010100010000001000011110000
11111000100100101010100010000001000011110000
11111000101010101010100010000001000011110000
1111110010101010101010100010000001000011110000
11110001000000010101010101010101000100000010000
1111000100100100010101010101010101000100000010000
1111000101000001000101010101010101010001001001000
111100010101001001000101010101010101010001001001000
111100010101010001010101010101010100010010010101000
111100010101010101000101010101010101010001010101000
11111001010101010001010101010101010100010101010101000
1111110010101010101010001010101010101010100010101010100
10101010101010101000101010101010101000000010101010101000
1010101010101010100010101010101010100001001010101010101000
1010101010101010100010101010101010101000101010101010101000
