(10,10,10)
1111111111111111111111111111111111111111111111111111111111111000
1010
11100000000000
111010100000000
11111100000000
10000001000000
1100000100000
110000110000
1101010110000
111110110000
1111101101010
111110111110
11111110000000
100000100000
11000010000
110101010000
11110110000
111101101010
11111110110
1111111110000000000
1000100000000
10100010001000
1110010001000
11101011000100
1111111001000
10100100000
1110010000
1010001000000000
111001000000000
101000000001000000000
1010010000000001010000
11010000000101000010100
1100000001010000101010000000000
11000001010001010100001010000000
110000101010100001010100010100000
110010000000000001010100010101000010101010000
1100100000010100001010100010101000010101010000
11001000101010100001010100010101000010101010000
1010101000101000000000010001010101000010101000101010000
10101010001010100000001010001010101000010101000101010000
101010100010101010000101010001010101000010101000101010000
1010101010101010100010101000010101010001010101000010101000
10101010101010101000101010101010101010001010101000010101000
101010101010101010001010101010101010100010101010101010101000
