(10,10,10)
1111111111111111111111111111111111111111111111111111111111110000
100100
11001100
110110
111100000000000
11110100100000000
11110101010000000
11110110110000000
111111110000000
100000100000
101000010000
10101001010000
11010101000010
11011011010000
111111010000
1100010000000
110100110000000
111010110000000
111101110000000
11111011100000100
1111110111000001100
11110000011010000000
11110000011101000000
11110100000111100000
11111010000111100000
11111101000111100000
111100011000000010000
11110001100001001010000
1111000110010011001010000
1111000110010100000000000101010000
111100011001010001001000000101010000
111100100000000000101010001001000000101010000
11110010001001000000101010001001000000101010000
1010100010010000001010100010000000001010001001000000
1010100010100000000010001010100000010010001010100000
101010001010000010010010001010100000010010001010100000
101010001010100000101010001010000010010010001010100000
101010100010101000001010100010101000001010100010100000
10101010010010101000101000001010101000101010000010101000
10101010101010101000101010000010101000101010100000101000
1010101010101010100010101000001010100010101010100100101000
1010101010101010100010101010101010101000101010000010101000
101010101010101010001010101010101010100010101010010010101000
101010101010101010001010101010101010100010101010101010101000
