(10,10,10)
1111111111111111111111111111111111111111111111111111111111110000
100100
101010
110110
1111000000000
111100100100000
111101010100000
111101101100000
1111111100000
10001000
1100101000
1101011000
111010110100
111010111010
111101111010
111110111110
1111111000000
1000010000
101001010000
110101010000
110110110000
1111110000
100100000
101010000
110100010
1111000
111110100
111111010
11100000
1111001000
1111010100
1111101100
11101000000
11110100000
11111010000
110001000000
1100100000
1101010000
1110110000
11111000
101000000
110000010000000000
11000010010000100000
11000010100010010000
11000101010001010000
11010010101000110000
1110010101010010110000
1110101010101001110000
1110101101010101110000
1110110101110000111010
1111011101110101110000
1111011110111011110000
1111100001111011110000000
1111100001111100000010000000
11111000100000010000001000000
11111000100000010000010100000
101000010000001001000000100000
101000010100001000000100100000
101010000010100001010000100000
10101000010000010101000001010100000000000
1010100010010000001010100001000001010100000
110010001010100000101010001001000000101010000
1010100010100000000010001010100000010010001010100000
101010001010000010010010001010100000010010001010100000
101010001010100000101010001010000010010010001010100000
101010100010101000001010100010101000001010100010100000
10101010010010101000101000001010101000101010000010101000
10101010101010101000101010000010101000101010100000101000
1010101010101010100010101000001010100010101010100100101000
1010101010101010100010101010101010101000101010000010101000
101010101010101010001010101010101010100010101010010010101000
101010101010101010001010101010101010100010101010101010101000
