(10,10,10)
1111111111111111111111111111111111111111111111111111111111100000
10001000
100100100
1010010100
11001010100
110100110100
11010101100
111001101100
11101011100
111100111100
111101000000010
1111101000000100
11000000101000000
1010000010100000
11001000010100000
1010100001010000
11001100001010000
1101010001010000
110100010100010
11011000101000
1110100101000
1110010100
1101010
11101100
1111010
1110000000
1100000
101000
1100100
101010
1101100
111010
11100000000
11000000
1010000
11001000
1010100
11010100
110110100
11101010
111101100
11111010
111000000
110000
10100
110100
111011000
111011101000
1111011100100
11110111010010
111101111010100
1111011110110010
111110111101010
1111101011000000
111110110100000
1110100001000000
1110000100000
1110100010100000
11110010010100000
111101001010100000
110010101000010000000
1010101000010000001000000000
1010101000100010000100000010000
10101010010010010000100000010000
101010101001010010000100000010000
1100101010101010000100000010000100
10101010101010000100000010000101000000000
10101010101010000100000010000101001000100000
101010101010100001001001001010000100000010000
1010101010101000010100101001010000100000010000
11001010100001000000100001010101010101000010100
1010101010101000010101010101010000100000010000
1010101010101000010101010101010000100100010010000
10101010101010000101010101010100001010010010010000
101010101010100001010101010101000010100101001010000
1100101010000101010101010100001010101010101000010100
101010101010100001010101010101000010101010101010000
101010101010101000101010101010101000010101010101010000
101010101010101010001010101010101010000101010101010101000
101010101010101010001010101010101010100010101010101010101000
