(10,10,10)
1111111111111111111111111111111111111111111111111111111111100000
10001000
100100100
1010010100
11001010100
1010101010
11010101100
1101011010
11101011100
111100111100
111110011111000
111110100000000100
1111110010000000100
10100000001010000000
110010000001010000000
10101000000101000000
110010000010101000000
1101001000010101000000
110100000101010000100
1110010000101010000100
10101000010100000000001010000
10101000010100010001000001010000
101010000101001001001000001010000
1010100101001000001010000101010000
11001010101000010101000010100000100
1010101010101000010101000010100000
1010101010101000010101010001010100000
11010000010101010101010000101010100100
110100101010101000010101010101010000010
1110100000101010101010100001010101010100
11110010101010101000010101010101010000100
1010101010101000010101010101010000101000000000
1010101010101000010101010101010000101001000100000
10101010101010000101010101010100001010100100100000
101010101010100001010101010101000010101001010010000
1100101010000101010101010100001010101010101000010100
101010101010100001010101010101000010101010101010000
101010101010101000101010101010101000010101010101010000
101010101010101010001010101010101010000101010101010101000
101010101010101010001010101010101010100010101010101010101000
