(10,10,10)
1111111111111111111111111111111111111111111111111111111111111000
10100000000000000
1110000000000000
11100010100000000
1110001110000000
11110101110000000
1111111110000000
100000100000
11000010000
1100011000
11101011000
1111111000
1010000000
111000000
1110101000
111111000
1111111010
1110000000
11101010000
1111110000
100100000000
1010001001000
111001001000
1110101100100
111111100100
101010000000
11101000000
1111100000
11111010100
1111111100
11000000
110101000
11111000
111111010
11100000000
111000101000
11100111000
111101011100
11111111100
1100000
11010100
1111100
11000000000
110001010000
11100110000
111010101100
11111101100
1110100000000
11101000010100
1110100011100
11101101011100
1111111011100
1111010000000
111111000000
10000100000000
101000100001000
11100100001000
111010110000100
11111110010000
10100010000000
1100101000000
111001100000
11110000011100000000000000
111100000111000001010000000
1111000010101010000011100000
11110100011110000101010100000
11110001100000000001000010101010000
111100011000000010101000010101010000
1111000110010100010101000010101010000
11110010000000000001010100010101000010101010000
111100100000010100001010100010101000010101010000
1111001000101010100001010100010101000010101010000
1010101000101000000000010001010101000010101000101010000
10101010001010100000001010001010101000010101000101010000
101010100010101010000101010001010101000010101000101010000
1010101010101010100010101000010101010001010101000010101000
10101010101010101000101010101010101010001010101000010101000
101010101010101010001010101010101010100010101010101010101000
