(10,10,9)
1111111111111111111111111111111111111111111111111111111111111000
1010
1110000000000000
11100010100000000
1110001110000000
11110101110000000
1111111110000000
100000100000
11000010000
1100011000
11101011000
1111111000
1010000000
111000000
1110101000
111111000
1111111010
1110000000
11101010000
1111110000
11111110100
11010000000
110100010100
11101101000
111011011010
11111110110
11110000000
111101010000
11111110000
10010000000
1101000000
111100000
1111010100
111111100
110000000
1110100000
11110100010
11000110000000000
110101000000011000
11111000110000000
111111010000011000
11001000000001100000
110010001010001100000
11100100110000011000
111001001100101011000
11111001100100111000
111110011101100111000
1111110111101100111000
111110110011100100000000
1110011100100000001000000000
11110100000001000000010011100
111110111100100000001000000010
1111100100000001000000011000000000
11111001000000010000000110010100000
111110010000000100000010000000000001010100000
1111100100000001000000100001010000001010100000
11111001000010101000000100001010000001010100000
101010000101000000000100001010100000010100001000000
1010100001010100000010100001010100000010000101000000
10101010100000010101000010101000000101000010101000000
101010101010100000010101010100000010101000010101000000
1010101010101000101010101010100000010101000010101000000
10101010101010100000010101010101010001010101010101000000
101010101010101010001010101010101010000001010101010101000
1010101010101010100010101010101010101000101010101010101000
