(10,10,9)
1111111111111111111111111111111111111111111111111111111111111000
1010
11100000000000
111010100000000
11111100000000
10000001000000
1100000100000
110000110000
1101010110000
111110110000
1111101101010
111110111110
11111110000000
100000100000
11000010000
1100011000
11101011000
1111111000
10100000
110100010
11110100
110100000000
11110000000
111101010000
11111110000
100100000
1010100100
11011010100
1111101100
11111101110
11111000000
111110101000
11111111000
1010000
10101010
1111010
11100000000
111101000000
1100000100000000
110000110000000
1101010000110000
111110000110000
11000100000001000
1100110001000000
11010000110011000
1111000110011000
11001100100000000100
110100000010011001100
11110011001100100000
111110111001100100000
11110011001000010000000
11111000000010000100111000000000000
111110000101000000111001000010000000
11100100001000000100000001000101000000
10100010000000100000010000101000000000100000
101010000010100010000000100000010000101000000
1010100001000101000001010100000010100001000000
111001000010101000000100001010000001010100000
101010000101000000000100001010100000010100001000000
1010100001010100000010100001010100000010000101000000
10101010100000010101000010101000000101000010101000000
101010101010100000010101010100000010101000010101000000
1010101010101000101010101010100000010101000010101000000
10101010101010100000010101010101010001010101010101000000
101010101010101010001010101010101010000001010101010101000
1010101010101010100010101010101010101000101010101010101000
