(10,10,10)
1111111111111111111111111111111111111111111111111111111111110000
100100
101010
110110
11110000000000
1111001001000000
1111010101000000
1111011011000000
11111111000000
1000010000
1010001000
1010010100
1101010100
1110110100
11111100
11000000
110000
1100
110000000000
1100000000
110100100000
111010100000
111101100000
1110000100000000
111000010010010000
111000010101010000
111000101101010000
111011000011100010
11110010101110110000
11110101101110110000
11111011101110110000
1111011101100010000000
11110110001000000100000000
1111101100010000001000000100
111000100000010000001010000000
111000100000010000001101000000
111000100000101000001101000000
111010000011100010000010100000
111101000011100010000010100000
111110100011100010000010100000
11100011000000010000101000001000
11100011000000101000101000001000
1110100111000000101000101000001000
1111010111000000101000101000001000
1111101111000000101000101000001000
111110000001010001010000010010000000
10100010100000100100000010000000100000
10100010100000100100100000000000010010000000100000
10101000000010000010100010100000100100100000000000
1010100000010010001001001000001010001010000010000000
1010100010010010000010100010100000100000001010100000
101010010010000000101010000010101000100100100000101000
101010100010101000001010100000001001001010100010100000
10101010001010100000101010000100101001001010100010100000
10101010010010101000101000001010101000101010000010101000
10101010101010101000101010000010101000101010100000101000
1010101010101010100010101000001010100010101010100100101000
1010101010101010100010101010101010101000101010000010101000
101010101010101010001010101010101010100010101010010010101000
101010101010101010001010101010101010100010101010101010101000
