(10,10,9)
1111111111111111111111111111111111111111111111111111111111100000
10001000
100100100
1010010100
11001010100
110100110100
11010101100
1101011010
11101011100
111100111100
111101000000010
1111101000000100
11000000101000000
1010000010100000
11001000010100000
1010100001010000
11001100001010000
1101010001010000
110100010100010
11011000101000
1110100101000
1110010100
1101010
11101100
1111010
1110000000
1100000
101000
1100100
11010010
111010100
1111001100
1101000000010
11101000000100
111100100000100
101000001010000000
1100100000010100000
101010000101000000
101010010001001010000
1010101001001001010000
10101010100101001010000
110010101010101000010100
1010101010101000010101000000000
1010101010101000010101001000100000
10101010101010000101010100100100000
101010101010100001010101010010100000
1100101010101010000101010101010100000
10101010101010000101010101010100001000000000
10101010101010000101010101010100001000100010000
101010101010100001010101010101000010010010010000
1010101010101000010101010101010000101001010010000
11001010000101010101010100001010101010101000010100
1010101010101000010101010101010000101010101010000
1010101010101010001010101010101000010101010101010000
1010101010101010001010101010101010001010101010101010000
1010101010101010100010101010101010101000101010101010101000
