(101010100010101010000)
1111111111111111111111111111111111111111111111111111111111111000
1010
1110000000000
11101010000000
1111110000000
100000100000
11000010000
1100011000
11101011000
1111111000
1010000
111000
1111010
1110000000
11101010000
1111110000
100100000
1010100100
111100100
1111101100
11101000000
1111100000
10001000000
1100100000
11010100100
1111100100
10101000000
1110100000
111110000
1001000000
110100000
11110000
10010000000
101010010000
11110010000
111110100100
1100101000000
111001100000
1111010001100
11111011100010
111100011000000
1111000110101000
111110001111000
1111001000000100
1010000001010000000
10101010000101000000
101010100010101010000
