(101000101000010100010100000)
1111111111111111111111111111111111111111111111111111111111111000
1010
11100000000
111010100000
11111100000
10001000
1100100
11101100
111101110
111111000000
100010000
1101010000
111110000
10010000
1101000
111100
1100000
11010100
1111100
110000
1110100
11110110
1111110000000
1000100000
110010000
1101001100
111101100
1110100000
1100001000000
11000101010000
1111000110000
11001000001000
110010010101000
11110010011000
110010100000100
11100110010000
111101110010000
1111001000100000
10100010000100000
10100010100000101000000000
101000101000010100010100000
