(101010101010100101010101010100)
1111111111111111111111111111111111111111111111111111111111110000
100100
101010
110110
1111000000000000
111100100100000000
111101010100000000
111101101100000000
1111111100000000
10000001000000
10100000100000
10100001010000
11010001010000
11010010110000
11101010110000
11101101110000
111111110000
1001000000
1010100000
1101000010
11110000
1111010010
1111101010
1111110110
11111111000000000000
100000010000000000
10010010000001000000
10101010000001000000
11011010000001000000
111110000001000000
11111100100001000000
1010000100000100000000
101001001000010000010000
101010101000010000010000
10101010100001010010010000
10101010100001010101010000
1010101010100101010101010000
101010101010100101010101010100
