(101000101000010100010100000)
1111111111111111111111111111111111111111111111111111111111100000
10001000
100100100
1010010100
11001010100
1010101010
11010101100
1101011010
110110110
11101110
11111000000
1000010000
10010001000
101001001000
1100100100100
101010100100
1101001001100
110101010010
11011010100
1110101010
11110101100
110110100000
11101000010
11101010001010
111011001001010
1110110010100110
11101101001100110
1110110101010110
11101101100110110
1110111011011010
111011101110110
111101101111000000
1111011100000100000
11110000010000100000
100001000010000100000
101000101000010000100000
101000101000010100010100000
