(10101010101000101010101010000101010001010100000)
1111111111111111111111111111111111111111111111111111111111100000
10001000
100100100
1010010100
11001010100
1010101010
11010101100
1101011010
110110110
11101110
111110000000
100000100000
10000100001000000000
10001000100001000010000
100100100100001000010000
1010010100100001000010000
11001010000100001000010100
1010101010100001000010000
11010100001000010000101100
1101011010100001000010000
1101011010100001000010100010
11101011010100001000010100100
111010110101000010000101010010
1111010010101000010000101011100
11111001110101000010000101010100
11101010000100001010101010000010
111101000001010101010000100001100
1111100110000100001010101010000100
1101000001010000101010101000010000
1101000101000010101010100001010000010
11101000001010000101010101000010100100
111010010101000010101010100001010000010
1111010000010100001010101010000101010100
11111001010101000010101010100001010000100
10101010100001010101010000101000010100000
10101010100001010101010000101010001010100000
10101010101000101010101010000101010001010100000
