(11011010101010000101010100100100010)
1111111111111111111111111111111111111111111111111111111111111000
1010
1110000000000
11101010000000
1111110000000
100000100000
11000010000
1100011000
11101011000
1111111000
1010000
111000
1111010
1110000000
11101010000
1111110000
100100000
1010100100
111100100
1111101100
11101000000
1111100000
10001000000
1100100000
11010100100
1111100100
10101000000
1110100000
111110000
1001000000
110100000
11110000
111110100
1101000000
111100000
1111010100
111101110
11111100000000
1000001000000
10101000100000
1111000100000
1001000010000000
10101000010010000
1111000010010000
1001000100000001000
10101000100100010000
1111000100100010000
11111010010001001000
110010001001001000000
1100101001001001000100
111011001000100100100
1111001001001000101000000000
11110010100000101000100100100
10101000001010001001001010000000
101010100100100010100000101010000
1010101010010100010010010101010000
11011010101010000101010100100100010
