(11011010101010000101010100100100010)
1111111111111111111111111111111111111111111111111111111111111000
1010
11100000000
111010100000
11111100000
10001000
1100100
11101100
111101110
111111000000
100010000
110001001000000000
1100010100001001000
111001100010010000
1111011100010010000
11110001001000100000
100100100010000100000
11000100010010010000
110101100010010010000
11111100010010010000
10010010010001000
11001001001000101000000000
110010100000101000100100100
10101000001010001001001010000000
101010100100100010100000101010000
1010101010010100010010010101010000
11011010101010000101010100100100010
