(111100110100010011000010000)
1111111111111111111111111111111111111111111111111111111111111000
1010
11100000000
111010100000
11111100000
10001000
1100100
11101100
111101110
111111000000
100010000
1101010000
111110000
10010000
1101000
111100
1100000
11010100
1111100
110000
1110100
11110110
1111110000000
1000100000
110010000
1101001100
111101100
1110100000
1100001000000
11010000110000
111010011000010
110011000011000000
1110100001100001100
11110111000011000010
111100001100001100000
1100010000010000110000
110011000011000010000
1110111000011000010000
1111000010000110001000000
11110000101100011000010000
1111000111100011000010000
11110010000010011000010000
111100110100010011000010000
