(111100110100010011000010000)
1111111111111111111111111111111111111111111111111111111111110000
100100
101010
110110000
1110001000
100100100
101010100
110101010
111011010
11101100
1110100
110100
111010
111110000
1100
111100000
101000
11010100
11011010
111011000
11100100
1010100
1101100
11101000
1100100
10101000
11010010
110011000
1101000100
11000101000
101001000100
101010100100
110100100110000
1100100110001000
11001010001001000
1110011010001001000
111010000011001000101100
111100110100010011000010000
