(111100110100010011000010000)
1111111111111111111111111111111111111111111111111111111111110000
100100
101010
110110
11110000000
100000100000
101000010000
110100010000
1110001000
1110010100
1110101100
11101110
11111000000
1000010000
1010001000
1010010100
1101010100
1110110100
1110101000000
111101010000100
1101000010100000
1101000011010000
1110100011010000
111010100111010000
111011010111010000
111101110111000010
1111011100001100000
11110000110000100000
110001000001000010000
11001000100011000010000
1110010100010011000010000
111100110100010011000010000
