(111010100001101010001000010)
1111111111111111111111111111111111111111111111111111111111111000
1010
1110000000000
11101010000000
1111110000000
100000100000
11000010000
1100011000
11101011000
1111111000
1010000
111000
1111010
1110000000
11101010000
1111110000
100100000
1010100100
111100100
1111101100
11101000000
1111100000
10001000000
1100100000
11010100100
1111100100
10101000000
1110100000
110000100000000
1100101000010000
111011000010000
11100001000100000000
111101000000100010000
110000001000100010000000
1101010000100010001000000
11010100010000001101010000
111010100001101010001000010
