(11111110110100100011010010000000111000000)
1111111111111111111111111111111111111111111111111111111111110000
100100
101010
110110
111100000
10001000
10100100
11010100
111010
11111000000
10010000
10101000
11010010
111100
11000
1110100
1111010
111111000000
1010000
101010100
110101010
111011010
111101110
1111110000
10100
1101100
111011100
1111010000
111110001000000
11111010010001000
11111101010001000
1111110101000110010
111111010101001110010
1111110101010100001010
111111011000000110100001010
11111101101001000110100001010
1111111011010010001101000011000000
11111110110100100011010010000000111000000
