(3,3,3)
1111111111111111111111111111111111111111111111111111111111111000
1010
11100000000000
111010100000000
11111100000000
10000001000000
1100000100000
110000110000
1101010110000
111110110000
1111101101010
111110111110
11111110000000
100000100000
1010100100000
111100100000
1111010100100
111111100100
1010100000
111010000
11111000
111111010
1111111100000000000
100001000000000
1010001000010000
111000100001000
1110101100001000
111111100010000
1001000100000
10101001000100
1111001000100
10100010100000000
101000101000101000
