(3,3,3)
1111111111111111111111111111111111111111111111111111111111100000
10001000
100100100
1010010100
11001010100
110100110100
11010101100
1101011010
110110110
11101110
11111000000
1000010000
10010001000
101001001000
1100101001000
101010100100
1101001001100
110101010010
11011010100
1110101010
1111010
11100000
11000
11101000
111100100
1010100000
11001100000
1101010000
110100010
11011000
1110100
11110100
110100000
11010000
1101000
110100
11010
1110000000
1100000
100010000000
101000100001000
101000101000101000
