(3,3,3)
1111111111111111111111111111111111111111111111111111111111100000
10001000
100100100
1010010100
11001010100
110011001100
11010101100
111001101100
110110110
11101110
111110000000
100000100000
110001000100000
10100100010000
110010100010000
10101010001000
110100010001100
11010100100010
1101101001000
111010010010
111100100
1111010010
11111010100
11010100000
1101000010
110110000
11101000
11100
110000000
10100000
110010000
10101000
110011000
11010100
110110100
11101010
111101100
11111010
1111111000000000
100010000000
101000100001000
101000101000101000
