(3,3,3)
1111111111111111111111111111111111111111111111111111111111110000
100100
101010
11011000000000000
111100000000000
11110100100000000
11110101010000000
11110110110000000
111111110000000
100000100000
101000010000
101000101000
110100101000
110101011000
111011011000
1111111000
101000000
110100000
111010000
111101000
111110100
110100000000
111010000000
111101000000
111110100000
111111010000
111111101000
11001000000
11010100000
11011010000
111110000
11111100100
101010000000
110110000000
1111000000
111101001000
111110101000
111111011000
1110010000000
1110101000000
1110110100000
11111100000
100010000000
101001000000
10101001000100
11010100010010
11101010001010
11110110001010
11111011000110
11100011100000000
1110001110001001000
1110010101000111000
1110010110100111000
1110101110100111000
1111010111000111010
111101011110101110100
111101011110101111010
111110111110101111010
111111011111010111110
111111011111101111110
1111111011111110000000
111111110000001000000
100000100000100000
101000010000010000
101000101000010000
101000101000101000
