(3,3,3)
1111111111111111111111111111111111111111111111111111111111111000
10100000000000
1110000000000
11101010000000
1111110000000
100000100000
11000010000
1100011000
11101011000
1111111000
1010000
111000
1111010
1110000000
11101010000
1111110000
100100000
1010100100
111100100
1111101100
11101000000
1111100000
10001000000
1100100000
11010100100
1111100100
10101000000
1110100000
111110000
1001000000
110100000
11110000
111110100
1101000000
111100000
100010000000
1010010001000
111001000100
10100010100000000
101000101000101000
