(3,3,2)
1111111111111111111111111111111111111111111111111111111111111000
1010
11100000000000000
111000101000000000
11100011100000000
111101011100000000
11111111100000000
10000001000000
1100000100000
110000110000
1101010110000
111110110000
1111101101010
111111110110
11110000000
111101010000
11111110000
100100000000
11010000000
110101010000
11110110000
111110110010
11111110110
111100000000
1111000101000
111100111000
1111010111100
111111111100
1100000
11010100
1111100
110000000000
1100001010000
111000110000
1110101110000
111111110000
10010000000
1101000000
111100000
1111010100
111111100
1100000000
11010100000
1111100000
11111101000
1111111100
110000000
1101010000
111110000
10010000000000
101000010010000
11100010010000
111010110010000
11111110010000
101000100000000
1010001010001000
