(4,4,4)
1111111111111111111111111111111111111111111111111111111111110000
100100
101010
1101100000000000
11110000000000
1111001001000000
1111010101000000
1111011011000000
11111111000000
1000010000
101001010000
110101010000
111011010000
1111110000
1001000000
1010100000
1101000010
11110000
1111100100
101010000000
10101010010000
11010100001010
11101100001010
11110110000110
111000011100000000
11100100100001110000
11101010100001110000
11101101100001110000
111111100001110000
1110001000001000
1110010100001000
1110010100010100
1010100010101000000000
101010001010100010010000
101010001010100010101000
