(4,4,3)
1111111111111111111111111111111111111111111111111111111111111000
10100000000000000
1110000000000000
11100010100000000
1110001110000000
11110101110000000
1111111110000000
100000100000
11000010000
1100011000
11101011000
1111111000
1010000000
111000000
1111010000
11111010010
1111111010
1110000000
11101010000
1111110000
100100000000
1010010010000
111001001000
1110101100100
111111100100
101010000000
11101000000
1111100000
11111101000
1111111100
11000000
110101000
11111000
111111010
111111110000000000000
1000000100000000000
10100010000001000000
101010001010000001000
1010100010101000101000
