(4,4,3)
1111111111111111111111111111111111111111111111111111111111111000
101000000000000
11100000000000
111010100000000
11111100000000
10000001000000
1100000100000
110000110000
1101010110000
111110110000
1111101101010
111110111110
11111110000000
100000100000
1010100100000
111100100000
1111101000100
111111100100
1010100000
111010000
11111000
111111010
111000000
1111010000
11000100000000
110001001010000
11100100011000
111101011000100
11111111001000
1010010000
10101000100000000000
101010001010000001000
1010100010101000101000
