(4,4,3)
1111111111111111111111111111111111111111111111111111111111110000
100100
101010
110110000000000
1111000000000
111100100100000
111101010100000
111101101100000
1111111100000
10001000
1100101000
1101011000
111010110100
111010111010
111101111010
111110111110
1111111000000
1000010000
101001010000
110101010000
110110110000
1111110000
100100000
11001000100
110100010
1111000
111110100
1101000000
1110100000
1111010000
1111101000
1111110100
110100000
111010000
11110100100
11110101010
11111011010
11111101110
1111111100000000
10001000000
10100100000
1100101000100
10101000101000000000
1010100010100001001000
1010100010101000101000
