(4,4,4)
1111111111111111111111111111111111111111111111111111111111100000
10001000
100100100
1010010100
11001010100
1010101010
11010101100
111001101100
11101011100
11101110
111110000000
100000100000
1001000010000
10100100010000
110010100010000
10101010001000
110100010001100
11010100100010
1101101001000
111010010010
111100100
1111010010
11111010100
11010100000
1101000010
110110000
11101000
11100
110000000
10100000
110010000
10101000
110011000
11010100
1101010
11101100
1111010
111000000
110000
10100
110100
1110100
11110100
111110100
110100000
11010000
1101000
11100100
111010010
1111010100
11111001100
1111101010
1101100000
111010000
1111001000
101001000000
1100100000100
101010100000
1101000001100
110101000010
11011010000
1110100010
1111000
101000000
1100100000
101010000
1101000100
11010010010
111010010100
1110100110010
111010101010
1110110011010
111101011010
1111101011100
1110110000010
111101000010
111101010001010
1111011001001010
11110110010100110
111101101001100110
11110110101010110
111101110011010110
11110111010110110
1111011101101110
111101111011110
11111011111000000
11111100000100000
100001000010000
101000101000010000
101010001010000101000
101010001010100010101000
