(5,5,5)
1111111111111111111111111111111111111111111111111111111111110000
1001000000
1010100000
11000001100000
1100001000010000
100010000100010000
101001000010001000
101010100010001000
110110100010001000
11100010001000110000
11000100010010001000
1001000100100010010000
1010100010010001001000
11000100100010010001100000
1110010001100010010001001000
1100010100010010010001001000
101001000010010010001001001000
101010100010010010001001001000
101010100010101010001001001000
101010100010101010001010101000
