(5,5,4)
1111111111111111111111111111111111111111111111111111111111110000
100100
101010
11011000000000000
111100000000000
11110010010000000
11110101010000000
11110110110000000
111111110000000
100000100000
101000010000
101000101000
110100101000
110101011000
111011011000
1111111000
101000000
110100000
111010000
111101000
111110100
11111101100
111010000000
111101000000
111110100000
11111101000100
110001010000000
110100000011000
111010000011000
11101001110000010
11110101110000010
11111011110000010
11111000001100000000
1111100000110100100000
1111100000111010100000
1111100000111101100000
11111100001111100000
111110001000000010000
11111000100001001010000
11111000100010101010000
1111110010100010101010000
10101010001010100000001000
1010101000101010000100101000
1010101000101010100010101000
