(5,5,5)
1111111111111111111111111111111111111111111111111111111111110000
100100
11001100
110110
111100000000000
11110010010000000
11110101010000000
11110110110000000
111111110000000
100000100000
101000010000
101000101000
110100101000
110101011000
111011011000
1111111000
101000000
110100000
111010000
111101000
111110100
110100000000
111010000000
111101000000
111110100000
111111010000
111111101000
11001000000
11010100000
11101100000
1111011000100
111110110001100
111000110100000000
111010000000111000
111101000000111000
111110100000111000
11111010011110000010
11111101011110000010
11111110111110000010
1111110000011000000
11000010000000100000
11000010100000010000
11010000010000110000
111000110000100000
11101001110000100000
11110101110000100000
11111011110000100000
11111000010000100000000
1111100001000010100100000
1111100001010101000010000
1111100010100010101010000
111111001010100010101010000
1010101000101010100010000000
101010100010101010001001001000
101010100010101010001010101000
