(5,5,5)
1111111111111111111111111111111111111111111111111111111111110000
100100
101010
110110
1111000000000
111100100100000
111101010100000
111101101100000
1111111100000
10001000
1100101000
1101011000
111010110100
111010111010
111101111010
111110111110
1111111000000
1000010000
1010001000
1010010100
1101010100
11101010
11110110
111111000000000
10000010000000
1010010000100000
1101010000100000
1110110000100000
111000010000100000000
11100001000010100100000
11100001010101000010000
11100010100010101010000
1111001010100010101010000
1010101000101010100010000000
101010100010101010001001001000
101010100010101010001010101000
