(5,5,5)
1111111111111111111111111111111111111111111111111111111111110000
100100
101010
110110
1111000000000000
111101001000000000
111101010100000000
111101101100000000
1111111100000000
10000001000000
10100000100000
11010000100000
11101000100000
11110100100000
11111010100000
11111101100000
1110000100000000
100010000000100000000000
10010010000000100010000000
10101010000000100010000000
1010101000010010100010000000
1010101000101010100010000000
101010100010101010001001001000
101010100010101010001010101000
