(5,5,5)
1111111111111111111111111111111111111111111111111111111111100000
10001000
100100100
1010010100
11001010100
110011001100
11010101100
1101011010
11101011100
111100111100
111101000000010
1111101000000100
11000000101000000
1010000010100000
11001000010100000
1010100001010000
11001100001010000
1101010001010000
110100010100010
11011000101000
1110100101000
1110010100
1101010
11101100
1111010
1110000000
1100000
101000
1100100
101010
1101100
111010
11100000000
11000000
1010000
11001000
1010100
11010100
111001100
11101010
111101100
11111010
111000000
110000
110100010
1110100100
11110010100
111101001100
11110101010
111110101100
1101101000000
111010000010
111010100010010
1110101001001010
11101010100101010
111010110010101010
1110101101001101010
111010110101011010
1110101110101101100
111010111010111010
1111010111010111100
11111001111010111100
111101011110100000010
1111101011110100000100
11110110000001010000010
1111101000001010000010
11000001010000011000000
1100000101000010100000
101000010100001010000
101010001010100001010000
101010100010101000010101000
101010100010101010001010101000
