(5,5,4)
1111111111111111111111111111111111111111111111111111111111100000
10001000
100100100
1010010100
11001010100
110011001100
11010101100
111001101100
110110110
11101110
111110000000
100000100000
1001000010000
10100100010000
110010100010000
10101010001000
110100010001100
11010100100010
1101101001000
111010010010
111100100
1111010010
11111010100
11010100000
1101000010
110110000
11101000
11100
110000000
10100000
110010000
10101000
110011000
11010100
1101010
11101100
1111010
111000000
110000
10100
110100
1110100
11110100
1101000000
110100000
11010000
1101000
11100100
111010010
1111010100
11111001100
11010000010
1101100000
1101101000100
11011010010010
110110101001010
1101101101010100
111011010101010
1110110110011010
111011101011010
1111011101011100
11110111100111100
1111100111101000000
1111010000010000010
11111010000010000100
11000001010000100000
1010000101000010000
1010100010100001010000
1010100010101000101010000
1010101000101010100010101000
