(5,5,4)
1111111111111111111111111111111111111111111111111111111111111000
101000000000000
11100000000000
111010100000000
11111100000000
10000001000000
1100000100000
110000110000
1101010110000
111110110000
1111101101010
111110111110
11111110000000
100000100000
11000010000
1100011000
11101011000
1111111000
10100000
110100010
11110100
111110110
11110000000
111101010000
11111110000
100100000
11010000
1111000
11111010
1110000000
11101010000
1111110000
1001000000
10101001000
1111001000
11110101100
1111111100
110000
111001000000000000
1110010001010000000
1010001010000001000000000
10101000000101000101000000
101010100010101000000101000
1010101000101010100010101000
