(5,5,4)
1111111111111111111111111111111111111111111111111111111111100000
10001000
100100100
1010010100
11001010100
1010101010
11010101100
1101011010
11101011100
111100111100
111101000000010
1111101000000100
11000000101000000
1010000010100000
11001000010100000
1010100001010000
11001100001010000
1101010001010000
110100010100010
11011000101000
1110100101000
1110010100
1101010
11101100
1111010
1110000000
1100000
101000
1100100
11010010
111010100
1110110010
111101010
1111101100
111111010
11100000
11101000100
111010010010
1110101001010
11101100101010
1111010101010
11110110011010
1111101011010
11011011000000
1110110000010
1110110010001010
11101101001001010
111011010100101010
1110110110010101010
111011101010101010
1110111011001101010
111101110101011010
1111011101100111010
111101111010111010
1111101111010111100
11111010111101000000
111101100000010000010
11111010000010000010
110000010000011000000
11000001010000100000
1010000101000010000
1010100010100001010000
1010100010101000101010000
1010101000101010100010101000
