(5,5,5)
1111111111111111111111111111111111111111111111111111111111111000
101000000000000
11100000000000
111010100000000
11111100000000
10000001000000
1100000100000
110000110000
1101010110000
111110110000
1111101101010
111110111110
11111110000000
100000100000
11000010000
1100011000
11101011000
1111111000
10100000
101010100
1101101010
111110110
11110000000
111101010000
11111110000
100100000
1010100100
111100100
1111101100
111010000000
1111010000010
11000001100000000
110101000001100000
11111000001100000
111111010001100000
110001100001000000
1110101100000010000
111111100001000000
1000100000100000
10001000010000000000010000
101000100001000100001000000
1010101000100001000100001000
10101010001010101000100001000
101010100010101010001010101000
