(5,5,4)
1111111111111111111111111111111111111111111111111111111111110000
100100
101010
110110
1111000000000
111100100100000
111101010100000
111101101100000
1111111100000
10001000
1100101000
110100110100
111010110100
111010111010
111101111010
111110111110
1111111000000
1000010000
101001010000
110101010000
110110110000
1111110000
100100000
101010000
110100010
1111000
111110100
1101000000
1110100000
1111010000
1100010000000
110100100001000
111010100001000
11101010000110010
11110101100001010
11111011000011010
11111101110000110
1111000011100000
1110001000000010000
111000100001001010000
111000100010101010000
11110010100010101010000
10101010001010100000001000
1010101000101010000100101000
1010101000101010100010101000
