(5,5,5)
1111111111111111111111111111111111111111111111111111111111100000
10001000
100100100
1010010100
11001010100
110100110100
11010101100
1101011010
110110110
11101110
111110000000
100000100000
110001000100000
10100100010000
110010001000100
10101010001000
110100010001100
11010100100010
1101101001000
111010010010
111100100
1111010010
11111010100
11010100000
1101000010
110110000
11101000
11100
110000000
10100000
110010000
10101000
110011000
11010100
1101010
11101100
1111010
111000000
110000
10100
110100
1110100
11110100
1101000000
1101000100010
11010010010010
110101001010010
1101010011001010
110101010101010
1101011010101100
110101101011010
1110101101011100
11110011101011100
111100111100111100
11110100000010111100
111110011110100000100
111101000001010000010
1111101000001010000100
1100000101000010100000
101000010100001010000
101010001010100001010000
101010100010101000010101000
101010100010101010001010101000
