(6,6,6)
1111111111111111111111111111111111111111111111111111111111110000
100100
101010
110110000000000000
1111000000000000
111100010010000000
111100010101000000
111100011011000000
1111001111000000
111110011111000000
11111100111111000000
1111110100000000100000
1111111010000000100000
1100000001000010000000
110000000101001010000000
110101010000000110000000
111011010000000110000000
1111110000000110000000
110000001000000001000000
110000010100000001000000
110100000010000001100000
1110000110000001000000
111001001110000001000000
111010101110000001000000
111101101110000001000000
1111111110000001000000
100000100000100000
11001000100000100000
1110010001000001000100
101000100000100010100000000000
10100100100000001010001000001000
10101010100010000010001010000000
1010101010001000001000101010010000
1010101010001010101010001000001000
101010101000101010101000101001001000
101010101000101010101000101010101000
