(6,6,5)
1111111111111111111111111111111111111111111111111111111111110000
100100
101010
11011000000000000
111100000000000
11110010010000000
11110101010000000
11110110110000000
111111110000000
100000100000
101000010000
101000101000
110100101000
110101011000
111011011000
1111111000
101000000
110100000
1110000
111100100
11111001100
1111110011100
11101000000010
11110100000010
1100000011000000000
11000001100000000
1100010010001100000
1100101010001100000
1101001100000110010
1110101100000110010
1111010110000011010
1111101110000011010
1111110111000001110
11110000011110000000
1111100100000111100000
1111000010000000010100000
111100001000001001010100000
111100001000010101010100000
111100010100010101010100000
11111001000101010101000101000
1111110010101000101010101000100
10101010100010101010000000101000
1010101010001010101000010010101000
1010101010001010101010001010101000
