(6,6,6)
1111111111111111111111111111111111111111111111111111111111111000
101000000000000
11100000000000
111010100000000
11111100000000
10000001000000
1100000100000
110000110000
1101010110000
111110110000
1111101101010
111110111110
11111110000000
100000100000
11000010000
110100110000
11110110000
111101101010
11111011110
111111100000000
1000001000000
110000100000
10001000010000000000
101000100001000100000
11100100001000100000
10100001000100001000000000
101001000010001000010100000
11100100001000100001010000
10100010000000001010000100010000
101000101000010001010000100010000
1010101010001000010100010100001000
10101010100010101010100010100001000
101010101000101010101000101010101000
