(6,6,6)
1111111111111111111111111111111111111111111111111111111111100000
10001000
100100100
1010010100
11001010100
11100101011000
11110010101101000
1101010100000010010
11010110100100000100
110101101001000010010
1110101101001000010100
11101011100101000010100
111100111100101000010100
11110100000010101000010100
111110010100001010100000100
101010000101010000010100000
1100100001010100001010100000
101010000101010000101010000
101010100010101010000101010000
101010101000101010100001010101000
101010101000101010101000101010101000
