(6,6,6)
1111111111111111111111111111111111111111111111111111111111110000
100100
101010
110110
1111000000
1000010000
1010001000
1101001000
11100100
11101010
11110110000000
111111000000
10010000
10100010000000
1010100100001000
1101010000100010
1110110000100010
111000010001100000
11100101000011100000
1110000101010000010000
111000010101010010010000
111000010101010100000001010000
11100001010101010000100101010000
11100001010101010001010101010000
1010101010001010101010001000001000
101010101000101010101000101001001000
101010101000101010101000101010101000
