(6,6,6)
1111111111111111111111111111111111111111111111111111111111110000
100100
11001100
110110
111100000000000
11110010010000000
11110101010000000
11110110110000000
111111110000000
100000100000
101000010000
101000101000
110100101000
110101011000
111011011000
1111111000
101000000
110100000
111010000
111101000
111110100
11111101100
111010000000
111101000000
111110100000
111111010000
111111101000
11001000000
11010100000
11011010000
111110000
11111010010
11111101010
11111110110
1111000000
111100100100
111101010100
111101101100
1111111100
1100000
11000
1110100
1111010
111000000000
11110010000000
1111100110000000
111111001110000000
1110100000001000000
1111010000001000000
1111101000001000000
1111110100001000000
1111111010001000000
110001000001000000
11010011000001000000
11101011000001000000
11110111000001000000
1111000001000001000000000
111100001001000100000100000
111100010101000100000100000
11111001000100000100010101000
1111110010101010001000001000100
10101010100010000010001010000000
1010101010001000001000101010010000
1010101010001010101010001000001000
101010101000101010101000101001001000
101010101000101010101000101010101000
