(6,6,6)
1111111111111111111111111111111111111111111111111111111111111000
101000000000000000
11100000000000000
111000010100000000
11100011100000000
111101011100000000
11111111100000000
10000001000000
1100000100000
110000110000
1101010110000
111110110000
1111101101010
111111110110
11110000000
111101010000
11111110000
100100000000
11010000000
1111000000
11110101000
1111111000
11111111010
1110000000
11110100000
111110100010
11111110100
110100000000
1101000010100
111001101000
1110101101100
111111101100
1110100000000
111110000000
1111101010000
111111110000
10010000000
1101000000
11101000010
1111101000
111111100
1100000000
11001010000
1110110000
11101101010
1111110110
1111000000000
11111010000000
1111111000000
10000100000000
101010000100000
11110000100000
100010000100000000000
1010100010000100000000
111100010000100000000
1111010100000100001000
111111100010000100000
1001000010000100000000
10101000010000100100000
1111000010000100100000
11110001011001000010000
1111001111001000010000
11111011111001000010000
1111110010000100010000000000
11111100100001000100001010000
10100010000000001010000100010000
101000101000010001010000100010000
1010101010001000010100010100001000
10101010100010101010100010100001000
101010101000101010101000101010101000
