(6,6,5)
1111111111111111111111111111111111111111111111111111111111111000
1010
1110000000000000
11100001010000000
1110001110000000
11110101110000000
1111111110000000
100000100000
11000010000
1100011000
11101011000
1111111000
1010000000
111000000
1110101000
111111000
1111111010
1110000000
11101010000
1111110000
100100000000
1010001001000
111001001000
1110101100100
111111100100
101010000000
11101000000
1111100000
11111010100
1111111100
11000000
111010000
11111000
111111010
11100000000
111010100000
11111100000
111111101000
110010000000
1101010000100
111110010000
1111110110000
111000100000000
1110001010100000
111100011100000
1111010111100000
111111111100000
100010000
11000100100000000000000
110001001000000101000000
11100000100100011000000
111000001001101011000000
11111100100000111000000
111111001000101111000000
11111100100111111000000
111111101100111111000000
111111001110000000100000
1111111011110000000100000
1111100000001000010000000
10000100000010000000001000000
101010000001000010000001000000
1010100010101000000100001000000
10101010000001010100010101000000
101010101000101010100000010101000
1010101010001010101010001010101000
