(6,6,5)
1111111111111111111111111111111111111111111111111111111111100000
10001000
100100100
1010010100
11001010100
110100110100
11010101100
1101011010
110110110
11101110
111110000000
100000100000
110001000100000
10100100010000
110010001000100
10101010001000
110100010001100
11010100100010
1101101001000
111010010010
111100100
1111010010
11111010100
11010100000
1101000010
110110000
11101000
11100
110000000
10100000
110010000
10101000
110011000
11010100
1101010
11101100
1111010
111000000
110000
10100
110100
1110100
11110100
1101000000
110100000
1110010000
1101000
11100100
111010010
1111010100
11111001100
1111101010
1101100000
111010000
1100010000000
101001000000
1100100000100
101010100000
1101000001100
110101000010
11011010000
1110100010
1111000
1111101000
1100100000
101010000
1100110000
110101000
1101100100
11011010010
111011010100
1110111001100
111011101010
1111011101100
111101111010
1111101111100
1111110100000
11000010000
1010001000
11001001000
1010100100
11001100100
110100101100
1110011010100
11010101000000010
110101101000000100
1101011010010000010
11101011010000010100
111010111001010000100
1111001111001010000100
111101000000101010000100
1111100100001010100000100
1010100001010000010100000
11001000010100001010100000
1010100001010100001010000
1010101000101010000101010000
1010101000101010100010101010000
1010101010001010101010001010101000
