(6,6,5)
1111111111111111111111111111111111111111111111111111111111110000
100100
101010
110110
1111000000000
111100100100000
111101010100000
111101101100000
1111111100000
10001000
1100101000
110100110100
111010110100
111010111010
111101111010
111110111110
1111111000000
1000010000
1010001000
1101001000
11100100
1010100000000
1101000000010
1110100000010
110000001100000000
11010010000011000000
111001000001100000
11000010000000010100000
11000101000000010100000
1100010100001001010100000
1100010100010101010100000
111001000101010101000101000
11110010101000101010101000100
10101010100010101010000000101000
1010101010001010101000010010101000
1010101010001010101010001010101000
