(6,6,5)
1111111111111111111111111111111111111111111111111111111111111000
101000000000000
11100000000000
111010100000000
11111100000000
10000001000000
1100000100000
110000110000
1101010110000
111110110000
1111101101010
111110111110
11111110000000
100000100000
11000010000
1100011000
11101011000
1111111000
11111111010
1110000
11110100
110100000000
11110000000
111101010000
11111110000
100100000
1010100100
111100100
1111101100
11111101110
11111000000
111110101000
11111111000
1010000
11010010
1111010
11111100000000000
10000001000000000
1100000100000000
11000010100100000
1110010000011000
11100101010011000
1111001110001100
11111011100011100
111111011110001110
111110001111000000
1111101011111000000
111110110000000100000
11100000001000010000000
10000100000010000000001000000
101010000001000010000001000000
1010100010101000000100001000000
10101010000001010100010101000000
101010101000101010100000010101000
1010101010001010101010001010101000
