(6,6,6)
1111111111111111111111111111111111111111111111111111111111111000
10100000000000000
1110000000000000
11100010100000000
1110001110000000
11110101110000000
1111111110000000
100000100000
11000010000
1100011000
11101011000
1111111000
1010000000
111000000
1110101000
111111000
1111111010
1110000000
11101010000
1111110000
100100000000
1010001001000
111001001000
1110101100100
111111100100
101010000000
11101000000
1111100000
11111010100
1111111100
11000000
110101000
11111000
111111010
11100000000
111000101000
11100111000
111101011100
11111111100
1100000
11010100
1111100
11000000000
110001010000
11100110000
111010101100
11111101100
1110100000000
11101000010100
1110100011100
11101101011100
1111111011100
1111010000000
111111000000
1111111010000
1100010000000
11010100001000
1111100010000
10010001000000000
1100100100000000
11010100000100100
111011001000001010
11111101100100000
1110010000100000000
11101010000010000100
1111110010000100000
101000010000100000000
11100001000010000000
111000101001000010000
11100111001000010000
1110100000000000100010000100
111110010000100010000000000
1111100100001000100001010000
10100010000000001010000100010000
101000101000010001010000100010000
1010101010001000010100010100001000
10101010100010101010100010100001000
101010101000101010101000101010101000
