(7,7,7)
1111111111111111111111111111111111111111111111111111111111111000
101000000000000
11100000000000
111010100000000
11111100000000
10000001000000
1100000100000
110000110000
1101010110000
111110110000
1111101101010
111110111110
11111110000000
100000100000
11000010000
1100011000
11101011000
1111111000
10100000
101010100
1101101010
111110110
11110000000
111101010000
11111110000
100100000
11010000
1111000
11111010
1110000000
11101010000
1111110000
1001000000
10101001000
1111001000
11111010100
1101010000000
111110000000
10000010000000
1100001000000
11001010010000
1101010011000
111011000110
111000111000000000
1110001110001010000
1110010000000001001010000
111001000000000100111000
1110010001010000100111000
1110010000101000101000000000100
11100100010100001010001010000100
10100010100001010001010000101000000000
101000101000010100010100001010001010000
1010101010100010100001010001010000101000
10101010101000101010101010001010000101000
101010101010001010101010100010101010101000
