(7,7,6)
1111111111111111111111111111111111111111111111111111111111100000
10001000
100100100
1010010100
11001010100
110100110100
1110010110100
1101011010
11101011100
111100111100
111101000000010
1111101000000100
11000000101000000
1010000010100000
11001000010100000
1010100001010000
11001100001010000
1101010001010000
110100010100010
11011000101000
1110100101000
1110010100
1101010
11101100
1111010
1110000000
1100000
101000
1100100
101010
1101100
111010
11100000000
11000000
1010000
11001000
1010100
11010100
110110100
11101010
111101100
11111010
111000000
110000
10100
11011000
11101101000
111011100100
1110111010010
11110111010100
111101111001100
11110111101010
111110111101100
11111011111010
111111011000000
11100000100000
11000010000
110001001000
1100100101000
11010010101000
110101001101000
1110011001101000
111010101101000
1110110011101000
111101011101000
111011000000010010
111011010001000010010
1110111010010000100100
11101110100101000010010
111101110100100001010100
111101001000010101010000000
1111100101000010101010000000
10101010000101010000001000000
101010100001010100000100100000
1010101000010101000001010010000
11001000010101010000101010000100
1010101000010101010000101010000
1010101010001010101000010101010000
1010101010001010101010001010101010000
1010101010100010101010101000101010101000
