(7,7,6)
1111111111111111111111111111111111111111111111111111111111110000
100100
101010
110110
111100000000000
11110010010000000
11110101010000000
11110110110000000
111111110000000
100000100000
101000010000
101000101000
110100101000
110101011000
111011011000
1111111000
101000000
110100000
111010000
111101000
111110100
110100000000
111010000000
111101000000
111110100000
111111010000
1100010000000
11001000000
11010100000
11101100000
111110000
11111100100
101010000000
110110000000
1111000000
111110010000
111110101000
111111011000
1110010000000
1110101000000
1110110100000
11111100000
100010000000
101001000000
101010100000
110110100000
1111010000
1111101000
1111110100
11010000000
11101000000
11110100000
11111010000
11111101000
110010000000
1101000000
11100000
1110100100
1111010100
1111101100
1110100000000
1111010000000
1111101000000
1111110100000
1111111010000
110001000000
1100100000
11010000
111000
11110100
1101000000000
11100000000
1110010010000
1110101010000
1111011010000
11111110000
1001000000
1010100000
1101100000
11110000
1111010010
111101100110
1111110110
1111111100000000000
1000001000000000
100100010000010000
101010010000010000
110101000001000010
1111010000010000
110000010001000000000
1100001000100000000
110010010000100010000
110101010000100010000
110110110000100010000
1111110000100010000
10001000100010000000
1100101000000010001000
110100110001000000010100
111010110001000000010100
111101110001000000010100
11110001000000010101000000000
1111000100000001010100010010000
111100010000100101010100010010000
111100010001010101010100010010000
111100010101000101010101010001000
11111001010001010101010100010101000
1111110010101010001010101010100010100
10101010101000101010101000000010101000
1010101010100010101010100001001010101000
1010101010100010101010101000101010101000
