(7,7,7)
1111111111111111111111111111111111111111111111111111111111111000
1010
111000000000000
1110101000000000
111111000000000
1000000010000000
10101000010000000
1111000010000000
11110000101010000
1111000011110000
111100010000000001000
1111000101010000001000
11110001010100010101000
1111000111100010101000
111100100000000010010101000
1111001000010100010010101000
111100100010100001001111000
11110010000101000101000000000100
111100100010100001010001010000100
10100010100001010001010000101000000000
101000101000010100010100001010001010000
1010101010100010100001010001010000101000
10101010101000101010101010001010000101000
101010101010001010101010100010101010101000
