(7,7,6)
1111111111111111111111111111111111111111111111111111111111110000
100100
101010
110110000000000
1111000000000
111100100100000
111101010100000
111101101100000
1111111100000
10001000
10100100
10101010
11011010
11101110
1111100000000
10000001000000
10100000100000
11010000100000
11101000100000
11110100100000
11111010100000
11111101100000
1110000100000
111100100010000
101000100010000000
10100010010010001000
10101010001010001000
1101000100010101010100
11000100010101010101000000000
1100010001010101010100010010000
1100010101000101010101010001000
111001010001010101010100010101000
11110010101010001010101010100010100
10101010101000101010101000000010101000
1010101010100010101010100001001010101000
1010101010100010101010101000101010101000
