(7,7,7)
1111111111111111111111111111111111111111111111111111111111111000
101000000000000000
11100000000000000
111000010100000000
11100011100000000
111101011100000000
11111111100000000
10000001000000
1100000100000
110000110000
1101010110000
111110110000
1111101101010
111111110110
11110000000
111101010000
11111110000
100100000000
11010000000
1111000000
11110101000
1111111000
11111111010
1110000000
11101010000
1111110000
11111110100
110100000000
1101000010100
111001101000
1110101101100
111111101100
1110100000000
111110000000
10000010000000000
101000010000010000
11100010000010000
111010110000010000
11111110000100000
100010000100000000
11001000010000000
110101000010000100
11111001000010000
111111011000010000
111000010001000000000
1110000101000100010000
111000111000100010000
1111010111000010001000
111111111000100010000
100100010001000000
11010001000100000
111010001000100010
110001000100011000000000000
1100010001000110000101000000
111000110001000100011000000
1110001100010001101011000000
111111000100011000111000000
1111110001000110001111010000
111111000111111000110001000
1111110001111110001101011000
111111000111111000111111000
111111001000000000100111111000
1111110010001010000100111111000
1111110010000101000101000000000100
11111100100010100001010001010000100
10100010100001010001010000101000000000
101000101000010100010100001010001010000
1010101010100010100001010001010000101000
10101010101000101010101010001010000101000
101010101010001010101010100010101010101000
