(7,7,7)
1111111111111111111111111111111111111111111111111111111111100000
10001000
100100100
1010010100
11001010100
110100110100
11010101100
111001101100
110110110
11101110
111110000000
100000100000
110001000100000
10100100010000
110010100010000
10101010001000
110100010001100
11010100100010
1101101001000
111010010010
111100100
1111010010
11111010100
11010100000
1101000010
110110000
11101000
11100
110000000
10100000
110010000
10101000
110011000
11010100
1101010
11101100
1111010
111000000
110000
10100
11011000
1110100
11110100
1101000000
110100000
11010000
1101000
11100100
111010010
1111010100
11111001100
11010000010
1101100000
111010000
1100010000000
101001000000
1100100000100
101010100000
1101000001100
110101000010
11011010000
1110100010
1111000
1111101000
1100100000
101010000
101010101000
1101010100100
11010110010100
111001110010100
1110100000001010100
1110101000100001010100
11101100100100001010100
111011010010100001010100
1110100101000010101010000000
11110010101000010101010000000
1010101000010101010000001000000
10101010000101010100000100100000
101010100001010101000010010100000
1100100001010101000010101010000100
101010100001010101000010101010000
101010101000101010101000010101010000
101010101010001010101010000101010101000
101010101010001010101010100010101010101000
