(7,7,7)
1111111111111111111111111111111111111111111111111111111111110000
1001000000000000
1010100000000000
1101000000000010
11110000000000
1111010010000000
1111101010000000
110100000010000000
1110000001000000
111000010011000000
111000101011000000
111011000111000000
11110010110111000000
11110101110111000000
11111011110111000000
1111101110000010000000
111100000100000010000000
11110100100001000000100000
11111010100001000000100000
11111101100001000000100000
11100001000000100001000000
1110100100010000100000010000
1111010100010000100000010000
1111101100010000100000010000
111000100001000000100010000000
111000100010100000100010000000
11100010001010000010001010010000
11100010101010001000001010001000
1111001010001010000010001010101000
111110010101010100010000010100010100
10101010101000100000101000101010000000
1010101010100010000010100010101010010000
1010101010100010101010101000101000001000
101010101010001010101010100010100100101000
101010101010001010101010100010101010101000
