(7,7,7)
1111111111111111111111111111111111111111111111111111111111110000
100100
101010
110110
1111000000
1000010000
1010001000
1101001000
11100100
11101010
11110110
111111000000
10010000
10101000
11010010
111100
11111100
1111111100000000
11000000
100001000000
11001000010000
110100001000
111010001000
11000100100000
11000101000000010000
1100010100001001010000
1100010100010101010000
111001010100010101010000
10101010001010101000100000
1100100010101010001010101000
111001010101010001010101000100
10101010101000101010100010100000
11010000101010101010001010101000
1110100001010101010100010101010100
110000101010101010001010101010100000
11100100010101010101000101010101010000
1010101010100010101010101000101000001000
101010101010001010101010100010100100101000
101010101010001010101010100010101010101000
