(7,7,7)
1111111111111111111111111111111111111111111111111111111111110000
100100
101010
11011000000000000
111100000000000
11110010010000000
11110101010000000
11110110110000000
111111110000000
100000100000
101000010000
101000101000
110100101000
110101011000
111011011000
1111111000
101000000
110100000
111010000
111101000
111110100
110100000000
111010000000
111101000000
111110100000
111111010000
111111101000
11001000000
11010100000
11101100000
111110000
11111100100
101010000000
110100000010
1111000000
111101001000
111110101000
111111011000
1110010000000
1110101000000
1110110100000
11111100000
100010000000
101001000000
110100000100
1110100000
1111010000
1111101000
1111110100
11010000000
11101000000
11110100000
11111010000
11000100000000
1100010010010000
1100010101010000
1101101000011000
11111000110000
1111101001110000
1111110101110000
1111111011110000
111110001000000
11111010011000000
11111101011000000
11111110111000000
1111000001000000
1111000010100000
1111000011010000
111100010000000000001110000
11110001000000010010001110000
11110001000000101010001110000
11110001000000110110001110000
111100011100001111000100000
11110100111100001111000100000
11111010111100001111000100000
11111101111100001111000100000
111111000011110001000010000000
111111000011110001000101000000
1111000100010100000100000001000
111100010010010001000001010001000
111100010101010001000001010001000
11111001010001010000010001010101000
1111110010101010100010000010100010100
10101010101000100000101000101010000000
1010101010100010000010100010101010010000
1010101010100010101010101000101000001000
101010101010001010101010100010100100101000
101010101010001010101010100010101010101000
