(7,7,6)
1111111111111111111111111111111111111111111111111111111111111000
1010
11100000000000000
111000010100000000
11100011100000000
111101011100000000
11111111100000000
10000001000000
1100000100000
110000110000
1101010110000
111110110000
1111101101010
111111110110
11110000000
111101010000
11111110000
100100000000
11010000000
110100010100
11101101000
111011011010
11111110110
111100000000
1111000101000
111100111000
1111010111100
111111111100
1100000
11010100
1111100
110000000000
1100001010000
111000110000
1110101110000
111111110000
10010000000
1101000000
111100000
1000100000000000
10100001000100000
1110001000100000
11101010010001000
1111110010001000
11111110110001000
111000100100000000
1110101000001001000
111111000100100000
1111110010000000000000010100000
11111100100000010100000010100000
10100001000000000101000000101000000
101010100000010100000010100001000000
1010101000101010100000010100001000000
10101010100000010101010001010101000000
101010101010001010101010000001010101000
1010101010100010101010101000101010101000
