(7,7,6)
1111111111111111111111111111111111111111111111111111111111100000
10001000
11000101000
1010010100
11001010100
1010101010
11010101100
111001101100
110110110
11101110
111110000000
100000100000
1001000010000
10100100010000
110010001000100
10101010001000
110100010001100
11010100100010
1101101001000
111010010010
111100100
1111010010
11111010100
11010100000
1101000010
110110000
11101000
11100
110000000
10100000
110010000
10101000
110011000
111001101000
1101001000000010
1101010001000010010
11011010010000100100
110110100101000010010
1110110100100001010100
11101110010101000010100
111100101000010101010000000
10101010000101010000001000000
101010100001010100000100100000
1010101000010101000001010010000
11001000010101010000101010000100
1010101000010101010000101010000
1010101010001010101000010101010000
1010101010001010101010001010101010000
1010101010100010101010101000101010101000
