(7,7,7)
1111111111111111111111111111111111111111111111111111111111111000
1010
1110000000000000
11100001010000000
1110001110000000
11110101110000000
1111111110000000
100000100000
11000010000
1100011000
11101011000
1111111000
1010000000
111000000
1110101000
111111000
1111111010
1110000000
11101010000
1111110000
100100000000
1010001001000
111001001000
1110101100100
111111100100
101010000000
11101000000
1111100000
11111010100
1111111100
11000000
110101000
11111000
111111010
11100000000
111010100000
11111100000
1000100000000
10100010001000
1110010001000
11101011000100
1111111001000
1010010000000
111001000000
1110101000100
111111001000
1111111011000
1110010000000
11101010000100
1111110010000
11111110100100
11001010000000
1110011000000
11101010001100
1111110011000
11111110111000
11110010000000
111110100000100
1111110110000010
111000001100000000
1111010000001100000
11111010001100000010
110001100000011000000000
1101010000001100011000000
111110000001100011000000
1111100001011100011000000
111110001111100011000000
1111100011111000110101000
111110001111100011111000
1111100100000000010011111000
11111001000101000010011111000
111110010000101000101000000000100
1111100100010100001010001010000100
10100010100001010001010000101000000000
101000101000010100010100001010001010000
1010101010100010100001010001010000101000
10101010101000101010101010001010000101000
101010101010001010101010100010101010101000
