(7,7,6)
1111111111111111111111111111111111111111111111111111111111111000
101000000000000
11100000000000
111010100000000
11111100000000
10000001000000
1100000100000
110000110000
1101010110000
111110110000
1111101101010
111110111110
11111110000000
100000100000
11000010000
1100011000
11101011000
1111111000
10100000
101010100
1101101010
111110110
11110000000
111101010000
11111110000
100100000
11010000
1111000
11111010
1110000000
11101010000
1111110000
1001000000
11010000100
1111001000
10100100000000
1110010000000
11100101010000
1111001110000
11101000000001000
1111100010000000
100100000010000000
1101000001000000100
111100100000010000
1010000001000100000000
110010000001010000000
10100000010100000010000000000
101000100000010100000010100000
11100100000010100000010100000
10100001000000000101000000101000000
101010100000010100000010100001000000
1010101000101010100000010100001000000
10101010100000010101010001010101000000
101010101010001010101010000001010101000
1010101010100010101010101000101010101000
