(7,7,6)
1111111111111111111111111111111111111111111111111111111111111000
1010
1110000000000000
11100001010000000
1110001110000000
11110101110000000
1111111110000000
100000100000
11000010000
1100011000
11101011000
1111111000
1010000000
111000000
1110101000
111111000
1111111010
1110000000
11101010000
1111110000
100100000000
1010010010000
111001001000
1110101100100
111111100100
101010000000
11101000000
1111100000
11111101000
1111111100
11000000
111010000
1111010010
111111010
11100000000
111010100000
11101110000
111011101010
11111101110
1111100000000
11111101000000
1100000100000000
11010100000100000
1111100000100000
111110010000000000000010100000
1111100100000010100000010100000
10100001000000000101000000101000000
101010100000010100000010100001000000
1010101000101010100000010100001000000
10101010100000010101010001010101000000
101010101010001010101010000001010101000
1010101010100010101010101000101010101000
