(7,7,7)
1111111111111111111111111111111111111111111111111111111111110000
100100
101010
110110000000000
1111000000000
111100100100000
111101010100000
111101101100000
1111111100000
10001000
10100100
11010100
11101100
1111011100
111110111100
1111101000000
11000001000000
11000010100000
11010000110000
11101000110000
1110100011100100
1110101011101000
111011001011101010
111101011011101010
111101101111011010
111110111011110110
1111011110111000000
111110111101110000100
1111101110000101000000
11110000101000001000000
1111100100001000001010000
10100010000001010000100000
11010000010001010000010000
11101000010001010000010000
11110100010001010000010000
11000100010100000100010000000
1100010001010000010001010010000
111001001001010001000001010001000
11110010100010100000100010100100100
10101000101000001000101001001010000000
10101010101000100000101000101010000000
1010101010100010000010100010101010010000
1010101010100010101010101000101000001000
101010101010001010101010100010100100101000
101010101010001010101010100010101010101000
