(8,8,8)
1111111111111111111111111111111111111111111111111111111111110000
100100
101010
110110
1111000000
1000010000
1010001000
1101001000
1110101000
1111011000
1110010000
101000100000
10100100000000101000
1010010001001000101000
1010010010000000101000101000
101001001000100100101000101000
101010101000101000101001001000
101010101000101010101000101000
11010001010101010001010101010100
1101100101010101010001010101010100
11100101010101010001010101010101000000
1010101010101000101010101010100000100000
110010001010101010101000101010101010100000
11100100010101010101010001010101010101000100
1010101010101000101010101010100010100000101000
101010101010100010101010101010001010100100101000
101010101010100010101010101010001010101010101000
