(8,8,8)
1111111111111111111111111111111111111111111111111111111111110000
100100
101010
110110
1111000000000000
111100100100000000
111101010100000000
111101101100000000
1111111100000000
10000001000000
10100000100000
11010000100000
111000010000
111000101000
111001011000
111010111000
11110101110100
11110101111010
11111011111010
111111011000000000
11100000000100000000
1111001000000100000000
111110011000000100000000
1101000000000100000001000000
1110100000000100000001000000
1111010000000100000001000000
1111101000000100000001000000
1111110100000100000001000000
110000010000000100000100000000
110000010000000100001010000000
110000010000001010001010000000
110000101000001010001010000000
11100100000101000101000001010000
1010001010000010100010000000000010100000
101000101000001010001000001001000010100000
101010001010000010100010100000101000100000
10101001001010001000001010100010100000101000
10101010101010001010000010100010101000001000
1010101010101000101000001010001010101001001000
1010101010101000101010101010100010100000101000
101010101010100010101010101010001010100100101000
101010101010100010101010101010001010101010101000
