(8,8,8)
1111111111111111111111111111111111111111111111111111111111110000
100100
11001100
110110
1111000000000
111100100100000
111101010100000
111101101100000
1111111100000
10001000
1100101000
110100110100
111010110100
111010111010
111101111010
111110111110
1111111000000
1000010000
101001010000
110101010000
110110110000
1111110000
100100000
101010000
110100010
1111000
111110100
1101000000
11100000
1110100100
1111010100
1111101100
11101000000
11110100000
11111010000
11111101000
1100100000
11010000
111000
10100000000
1010001001000
1010100101000
1101010100010
1101101101000
110110110110100
111011011011010
11101101101100000000
111101101110000000
111011100000010000000
11110000000100000100000000
10000010000001000000010000000
1010000001000001000000010000100000000000
1010000100000010100000000000100001000000
101000010010000010000100000010100001000000
101000100000100100001010000001000010100000
101000101000001010001000001001000010100000
101010001010000010100010100000101000100000
10101001001010001000001010100010100000101000
10101010101010001010000010100010101000001000
1010101010101000101000001010001010101001001000
1010101010101000101010101010100010100000101000
101010101010100010101010101010001010100100101000
101010101010100010101010101010001010101010101000
