(8,8,7)
1111111111111111111111111111111111111111111111111111111111110000
100100
11001100
110110
111100000000000
11110010010000000
11110101010000000
11110110110000000
111111110000000
100000100000
101000010000
101000101000
110100101000
110101011000
111011011000
1111111000
101000000
110100000
111010000
111101000
111110100
110100000000
111010000000
111101000000
111110100000
111111010000
111111101000
11001000000
11010100000
11101100000
111110000
11111100100
101010000000
110110000000
1111000000
111101001000
111110101000
111111011000
1110010000000
1110101000000
1110110100000
11111100000
100010000000
101001000000
110100000100
1110100000
1111010000
1111101000
1111110100
11010000000
11101000000
11110100000
11111010000
11111101000
11111110100
1101000000
11100000
1110100100
1111010100
1111101100
1110100000000
1111010000000
1111101000000
1111110100000
1111111010000
110001000000
1100100000
11010000
111000
11110100
1101000000000
11100000000
1110100100000
1111010100000
111110101000100
110100010100000000
1110001010000000
111000110000000000001000000
111000110000000000010100000
11100011000000100100010100000
11100011000001010100010100000
11100011000001101100010100000
111100010100000111000110000
11110010110000111100010100000
11110101110000111100010100000
11111011110000111100010100000
1111110111100001111000101000100
11111000011110001010001010000000
1111100010010010100010100011110000
1111100010101010100010100011110000
111111001010101010100010100011110000
1111000101000101010101010100000001000
111100010100010101010101010001001001000
111100010101010001010101010101000101000
11111001010100010101010101010001010101000
1111110010101010100010101010101010001010100
10101010101010001010101010100000001010101000
1010101010101000101010101010000100101010101000
1010101010101000101010101010100010101010101000
