(8,8,8)
1111111111111111111111111111111111111111111111111111111111110000
100100
101010
110110
11110000000000
1111001001000000
1111010101000000
1111011011000000
11111111000000
1000010000
1010001000
1010010100
1101010100
1101011010
11110110
1111110000000000
1000000100000000
1010000010000000
1010000100000000000010100000
101000010010000001000010100000
1010001000000000001010000001000010100000
101000100000100100001010000001000010100000
101000101000001010001000001001000010100000
101010001010000010100010100000101000100000
10101001001010001000001010100010100000101000
10101010101010001010000010100010101000001000
1010101010101000101000001010001010101001001000
1010101010101000101010101010100010100000101000
101010101010100010101010101010001010100100101000
101010101010100010101010101010001010101010101000
