(8,8,8)
1111111111111111111111111111111111111111111111111111111111111000
1010
1110000000000000
11100010100000000
1110001110000000
11110101110000000
1111111110000000
100000100000
11000010000
1100011000
11101011000
1111111000
1010000000
111000000
1110101000
111111000
1111111010
1110000000
11101010000
1111110000
11111110100
11010000000
110100010100
11101101000
111011011010
11111110110
11110000000
111101010000
11111110000
10010000000
101010010000
11110010000
111110100100
1111110110010
111001100000000
1110011000101000
111001100111000
1111011100111000
1111001110010000000000
11110011100100010100000
111110111100100010100000
1111100100010100001000000000
11111101000000010000101000100
1100000001000010100010100000000
11000010101000010100010100000000
110010100001010001010000101010000
1010100010000000000001010100001010001010000
10101000101000000010001010100001010001010000
101010001010100001010001010100001010001010000
1010101010101000101000010101000101010000101000
10101010101010001010101010101000101010000101000
101010101010100010101010101010001010101010101000
