(8,8,7)
1111111111111111111111111111111111111111111111111111111111111000
101000000000000
11100000000000
111010100000000
11111100000000
10000001000000
101010001000000
11110001000000
111100011010000
11110001111000
111100100000000100
1010000000010100000000
111000000010100000000
101000000100000000010000000
101000010000000000001010000000001000000
1010000101000000100001010000001000000000
10101000000101000010100000010000101000000
101010101000000101010000001010000101000000
1010101010001010101010000001010000101000000
10101010101000000101010101000101010101000000
101010101010100010101010101000000101010101000
1010101010101000101010101010100010101010101000
