(8,8,7)
1111111111111111111111111111111111111111111111111111111111110000
100100
11001100
110110
1111000000000
111101001000000
111101010100000
111101101100000
1111111100000
10001000
10100100
11010100
111010
11100000000
1111001000000
111110010000100
1010000101000000
110100001010000100
11101000010100001100
11110100010100001100
11010000000110001010000
11101000000110001010000
11110100000110001010000
1111010000011100101010000
111101000010000000010101010000
11110100001000001001010101010000
11110100001000010101010101010000
11000010000101010101010100010000000
1100010010010001010101010101000010000
1100010100010101010101010001001001000
1100010101010001010101010101000101000
111001010100010101010101010001010101000
11110010101010100010101010101010001010100
10101010101010001010101010100000001010101000
1010101010101000101010101010000100101010101000
1010101010101000101010101010100010101010101000
