(8,8,8)
1111111111111111111111111111111111111111111111111111111111111000
1010
11100000000000000
111000101000000000
11100011100000000
111101011100000000
11111111100000000
10000001000000
1100000100000
110000110000
1101010110000
111110110000
1111101101010
111111110110
11110000000
111101010000
11111110000
100100000000
1010000000100000000000000
1010000001000000000000000100000010000000
10100001000000101000000010000001000000000
101000101000010000001010000000100000010000
1010100010000000101000000100001010001010000
10101000101000000010001010100001010001010000
101010001010100001010001010100001010001010000
1010101010101000101000010101000101010000101000
10101010101010001010101010101000101010000101000
101010101010100010101010101010001010101010101000
