(8,8,8)
1111111111111111111111111111111111111111111111111111111111111000
101000000000000
11100000000000
111010100000000
11111100000000
10000001000000
1100000100000
110000110000
1101010110000
111110110000
1111101101010
111110111110
11111110000000
100000100000
11000010000
1100011000
11101011000
1111111000
10100000
101010100
1101101010
111110110
11110000000
111101010000
11111110000
100100000
1010100100
111100100
1111101100
111010000000
1110101000010
111011101000
111100011000000000
1100100000000100000000
11001010000100000000100
1110011001000000001000
11100110010000001011000
1111000111001100100000
11111010001001100111000
1110011001000110000000100
11100110010001101010000100
1111100010011001110010000
11111000110111001110010000
11111000111000000000101110010000
111110001110010100000101110010000
11111001000011111000111001010000
11111001000011111001000000000101010000
111110010001010000101010000111110010000
11111001000100000001010001010000101010000
1010100010000000101000100000001010001010000
10101000101000000010001010100001010001010000
101010001010100001010001010100001010001010000
1010101010101000101000010101000101010000101000
10101010101010001010101010101000101010000101000
101010101010100010101010101010001010101010101000
