(8,8,7)
1111111111111111111111111111111111111111111111111111111111111000
1010
11100000000000000
111000101000000000
11100011100000000
111101011100000000
11111111100000000
111111111101000000
11111111111100000
10001000
100100100000000000000
1010000010010010000000
111000001001001000000
1110000010011011000000
11100010101101100100000
1111101100100000111000
111001000001110010000000000
1110101000000010011100000100
111111001000001110010000000
111111001000010000000000001010000000
1111110010000100000010100001010000000
1010000101000000100001010000000001000000
10101000000101000010100000010000101000000
101010101000000101010000001010000101000000
1010101010001010101010000001010000101000000
10101010101000000101010101000101010101000000
101010101010100010101010101000000101010101000
1010101010101000101010101010100010101010101000
