(8,8,8)
1111111111111111111111111111111111111111111111111111111111110000
100100
101010
110110
111100000000000
11110010010000000
11110101010000000
11110110110000000
111111110000000
100000100000
101000010000
101000101000
110100101000
110101011000
111011011000
1111111000
101000000
110100000
111010000
111101000
111110100
110100000000
111010000000
111101000000
111110100000
111111010000
1100010000000
11001000000
11010100000
11011010000
111110000
11111100100
101010000000
110100000010
1111000000
111110010000
111110101000
111111011000
1110010000000
1110101000000
1110110100000
11111100000
100010000000
101001000000
110100000100
1110100000
1111010000
1111101000
1111110100
1111111010
111000000
11100100100
11101010100
11101101100
111111100
11000000
110000
1100
1100000000000
11000000000
110000000
11001001000
11010101000
11011011000
111111000
1010000000
1101000000
11100000
1110100100
1111010100
1111101100
111111011100
1111010000000
1111101000000
1111110100000
1111111010000
110001000000
1100100000
11010000
111000
11110100
11111010
11100000000
1110010010000
1110101010000
1110110110000
11111110000
1001000000
1010100000
1101000010
11110000
1111010010
1111101010
1111110110
11110000000
1111001001000
1111001010100
1111001101100
11110111100
1111101111100
1111110100000000
11000000010000000
11000000101000000
11010000011000000
11101000011000000
1110100001101001000
1110101000111010000
1111010001110101000
1111011000111101000
111101110010111101000
111110101110111100010
11111011001011110111010
11111011101011111011010
11111101110111110101110
11111101111011111101110
111111011111000000011110
1111110000000111110000000
11111000000100000001000000
11111000001010000001000000
11111000001010000010100000
1111110010001010000010100000
10100010100000101000010000000
1100100000101000101000001010000
1010001010000010100010000000000010100000
101000101000001010001000001001000010100000
101010001010000010100010100000101000100000
10101001001010001000001010100010100000101000
10101010101010001010000010100010101000001000
1010101010101000101000001010001010101001001000
1010101010101000101010101010100010100000101000
101010101010100010101010101010001010100100101000
101010101010100010101010101010001010101010101000
