(9,9,8)
1111111111111111111111111111111111111111111111111111111111111000
101000000000000
11100000000000
111010100000000
11111100000000
10000001000000
1100000100000
110000110000
1101010110000
111110110000
1111101101010
111110111110
11111110000000
100000100000
11000010000
1100011000
11101011000
1111111000
10100000
1110000
11110100
111110110
11110000000
111101010000
11111110000
100100000
11010000
1111000
11111010
1110000000
11101010000
1111110000
1001000000
110100000
11110000
111110100
11010000000
110100010100
11101101000
111011011010
11111110110
111100000
1111010100
111111100
1100000
11010100
1111100
110000000
1101010000
111110000
1111110100
1101000000
11100000100000000000
111000001000101000000
11100100000111000000
11100100000111001000000000000100
111001000010100000010011100100000
111001000010000000001010000101000000100
1110010000101010000001010000101000000100
1010100001010000000001010000001010000101000000
10101010000001010000101010000001010000101000000
101010101010000001010101000000101000010101000000
1010101010100010101010101000000101010000101000000
10101010101010000001010101010100010101010101000000
101010101010101000101010101010100000010101010101000
1010101010101010001010101010101010001010101010101000
