(9,9,9)
1111111111111111111111111111111111111111111111111111111111110000
100100
101010
110110000000
1110000001000000
100000100000100000
101000010000010000
101000101000010000
110001010000100010000000
1010010000001000000100010000
1010010000001000001000000010010000
101001000010100100000010000010000100
101010100001001010010000100000100000
101010100001001010100000001000100000100000
101010101000101010100000100000100010000000
10101010101001000010001000001000001010101000
10101010101010100010101010000010000010001000
1010101010101010001010101010010010000010001000
1010101010101010001010101010101010001000100000
110010001010101010101010001010101010101010001000
11100101000101010101010101000101010101010101000100
1010101010101010001010101010101010001010100000101000
101010101010101000101010101010101000101010010010101000
101010101010101000101010101010101000101010101010101000
