(9,9,9)
1111111111111111111111111111111111111111111111111111111111110000
100100
11001100
110110
1111000000000
111100100100000
111101010100000
111101101100000
1111111100000
10001000
1100101000
1101011000
111010110100
111010111010
111101111010
111110111110
1111111000000
1000010000
1010001000
110010101000
110101101000
11011010110100
11101011011010
11110111011010
11111011101110
111101111000000
111110000010000000
1000010000001000000
1010000010000100000
101001010000010100000
110000010100000101010000000000
11000010010000101010000010100000
11000101010000101010000010100000
11011000110000010100000101010000
1110010110110000101010000010100000
1110110000101010000010100000111010
1111011110110000101010000010100000
111110111101100001010100000101000100
1111101100001010100000101000101000000
11100001010100000101000101000001000000
1110100100010000010100010100000101010000
1111010100010000010100010100000101010000
1111101100010000010100010100000101010000
11100010000010100010100000101010001000000
1111001010000010100010100000101010001000000
1010100010000010000000101010000010100010100000
101010001000001010010000101010000010100010100000
101010100010101000001010001010000010101000100000
10101010001010100000101000101010010010101000100000
10101010101010100010100000101010001010101000001000
1010101010101010001010000010101000101010101001001000
1010101010101010001010101010101010001010100000101000
101010101010101000101010101010101000101010010010101000
101010101010101000101010101010101000101010101010101000
