(9,9,9)
1111111111111111111111111111111111111111111111111111111111110000
1001000000
110011000000
1101100000
111000010000
100010001000
1001000100100000
10100010010000100000
11010000100001001000
1100001001001000010000
1100010100010010010000
101001000010001001001000
1010100010010010001000100000
1010101000101010000010001000
101010100100100010001010101000
101010101010100010101010001000
11001010101010001010101010101000
1010101010101001000010101010101000
10101010101010100010101010101000100000
1100101010101010100010101010101010100000
101010101010101000101010101010101000010000
1010101010101010001010101010101010001000001000
101010101010101000101010101010101000101001001000
1010101010101010001010101010101010001010100000101000
101010101010101000101010101010101000101010010010101000
101010101010101000101010101010101000101010101010101000
