(9,9,9)
1111111111111111111111111111111111111111111111111111111111110000
100100
101010
110110
111100000000000
11110010010000000
11110101010000000
11110110110000000
111111110000000
100000100000
101000010000
11000010001000000000000
110001000100000000000
11000100010000010010000
11000100010000101010000
11010001000100011000010
111100010001000110000
11110001000101001110000
11110001000110101110000
11110111000100011110000
1111011100011001011110000
1111101011000111011110000
1111110111000111011110000
11110111000111100000001000
1111011110010111100000001000
1111101011110111100010000000
1111011110110000000010000001000
11111101111000100000010000000
111110001000000100000010000000
100100000010000001000000100000000
11001000010000001001000000001000000
10100001000000100100000000100000100000000000
1010000100000010010000000010000010000100100000
1010001010000010010000100000100000000100100000
101001000001001000001010001010000010010000100000
101010000100101000001000010010000010100010100000
10101001001001000010000010100100001010100000101000
10101001001010100010100000101010000100101000001000
10101010001010100000101000101010010010101000100000
10101010101010100010100000101010001010101000001000
1010101010101010001010000010101000101010101001001000
1010101010101010001010101010101010001010100000101000
101010101010101000101010101010101000101010010010101000
101010101010101000101010101010101000101010101010101000
