(9,9,8)
1111111111111111111111111111111111111111111111111111111111110000
100100
101010
110110
1111000000000
111101001000000
111101010100000
111101101100000
1111111100000
10001000
1100101000
110100110100
111010110100
111010111010
111101111010
111110111110
1111111000000
1000010000
101001010000
110101010000
110110110000
1111110000
100100000
101010000
110110000
1111000
111110100
1101000000
1110100000
1111010000
1111101000
1111110100
110100000
111010000
111101000
11111010100
110101000000
11010110010000
11101110010000
1111011100001100
111110111000011100
1111000011101000000
1111010000011110000
111101001011110100000
111110101011110000010
111110110111110100000
1111101110000001000010
11110000001100001000000
1111010010001100001000000
1111101010001100001000000
11010001100001000001000000
111000110000100000100000
11101001110000100000100000
11110101110000100000100000
11111011110000100000100000
111110000100000100001000000
1000100000100001000001000000
1010000100001000001000100000
1010001010001000001000100000
101001001010001010001000001000
101010101010001010001000001000
11010001000001000101010101010100
110001000001000101010101010101000000000
11000100000100010101010101010100010010000
1100010100100100010101010101010100010010000
1100010101000101010101010101000100100101000
1100010101010100010101010101010100010101000
111001010101000101010101010101000101010101000
11110010101010101000101010101010101000101010100
10101010101010100010101010101010000000101010101000
1010101010101010001010101010101000010010101010101000
1010101010101010001010101010101010001010101010101000
