(9,9,9)
1111111111111111111111111111111111111111111111111111111111111000
1010
111000000000
1110101000000
111111000000
1000010000
10101010000
1111010000
110001000000
1100010101000
11010110101000
1110101000111000000000
11101010001110000010100
111000101100000001010100000
1110001011001010001010100000
1110001100000000101010001010100000
11100011001010000101010001010100000
111010111001010000101010001010100000
1110110000000101010000101010001010100000
11101100101000101010000101010001010100000
11110000010101000101010000101010001010100000000
111100101000010101000101010000101010001010100000
10101000101010000101010001010100001010100000010000
101010001010100001010100010101000010101000101010000
1010101010101010001010100001010100010101000010101000
10101010101010100010101010101010100010101000010101000
101010101010101000101010101010101000101010101010101000
