(9,9,8)
1111111111111111111111111111111111111111111111111111111111111000
1010
11100000000000000
111000101000000000
11100011100000000
111101011100000000
11111111100000000
10000001000000
1100000100000
110000110000
1101010110000
111110110000
1111101101010
111111110110
11110000000
111101010000
11111110000
100100000000
11010000000
1111000000
11110101000
1111111000
11111111010
1110000000
11110100000
111101010010
11111110100
110100000000
1101000010100
111001101000
1110101101100
111111101100
1110100000000
11110100000010
1111110100000
1100001000000000
11000101000010000
110101101000010000
11111101000010000
11000010001000000000
110000101000100010000
11100011000010001000
111101011000010001000
11111111000100010000
1001000100010000000
110010001001000000
1101010001001000100
111110010001001000
10100010010010000000000
110100010010010000000010
11110100010010010000000
110001001001000000100000000000
1100010010010000001000101000000
111001000000100100100011000000
1110010000001001001101011000000
111111001001000000100111000000
1111111011001000000100111000000
11100100000010011100000100000000
111101000100000000111001000000100
111101000100000001000000000000101000000100
1111010001000000010000001010000101000000100
111111001000000101000010100000010000000100
101000010100000010100000000010100000001000000
1010100001010000000001010000001010000101000000
10101010000001010000101010000001010000101000000
101010101010000001010101000000101000010101000000
1010101010100010101010101000000101010000101000000
10101010101010000001010101010100010101010101000000
101010101010101000101010101010100000010101010101000
1010101010101010001010101010101010001010101010101000
