(9,9,9)
1111111111111111111111111111111111111111111111111111111111111000
101000000000000000
11100000000000000
111000101000000000
11100011100000000
111101011100000000
11111111100000000
10000001000000
1100000100000
110000110000
1101010110000
111110110000
1111101101010
111111110110
11110000000
111101010000
11111110000
100100000000
1010001001000
111001001000
1110101100100
111111100100
1010100000000
111010000000
11111000000
111111010000
11111111000
1010000000
10101010000
1111010000
11000100000000000
1100110000000000
11001100101000000
1110110011000000
11110110011000010
1111110110011000
1110011001000000000
11101010000001001100
1111110011001000000
11111100111011000000
11101100000100000000010
1111101100000100000000
111000001000000010000000000
1110101000000010000000100000
111111000001000000010000000
100001000000010000001000000000
11000001000000010000100000000
110000010101000010000000100000
11110000100000001000001100000
111100010111000001000000010000
11111001111000010000000100000
111111011111000010000000100000
111111000010000000100001000000000
1111111010000000100001000000010000
11000000010000100000001000100000000
110101000000001100000001000010000000
11111000000010000100000001100000000
111110000001011100000001000010000000
11111000001111100000001000010000000
1111100001000000000010000001000010000000
11111000010000000101010000001000010000000
111110000101010000101010000001000010000000
10101000100000000001000000100001000000101010000
101010001000000000010001010100001010100000010000
1010100010101000010000001010100001010100010000000
10101000101010000101010001010100001010100000010000
101010001010100001010100010101000010101000101010000
1010101010101010001010100001010100010101000010101000
10101010101010100010101010101010100010101000010101000
101010101010101000101010101010101000101010101010101000
