(9,9,8)
1111111111111111111111111111111111111111111111111111111111110000
100100
101010
11011000000000000
111100000000000
11110010010000000
11110101010000000
11110110110000000
111111110000000
100000100000
101000010000
101000101000
110100101000
110100110100
111010110100
111010111010
111101111010
111110111110
111111100000000
10000001000000
10100000100000
11010000100000
111000010000
111000101000
111001011000
111010111000
11110101110100
11110101111010
11111011111010
11111101100000000
111000000010000000
111000000101000000
111000001011000000
111010000111000000
11101001000111000010
11110101000111000010
11111011000111000010
11100011100001100000000
1110001110000110010010000
1110001110000110101010000
1110001110000110110110000
11111100001110001110000
111000111000100000001000
111001010000001000111000
111001010000010100111000
111010110000010100111000
111010110000011010111000
11110101100000110101110100
11110101111010110000011010
11111011100000110101111010
11111011100000111011111010
11111101111110111000001110
111111101110000011110000000
11110000011110000001000000
11110000011110000010100000
11110000101100000111100000
1111010010101100000111100000
1111101010101100000111100000
1111110110101100000111100000
11110000100000001110101100000
11110001010000001110101100000
11110111000001111000101000000
1111000101000001000000000111100000
111100010100000100001001000111100000
111100010101000100000101000111100000
11110001010100010100100101000111100000
11110001010101010100010101000111100000
1111100100011110001010100010101010101000
111111001010101010101000101010001111000100
1111000101010001010101010101010000000101000
111100010101000101010101010101000100100101000
111100010101010100010101010101010100010101000
11111001010101000101010101010101000101010101000
1111110010101010101000101010101010101000101010100
10101010101010100010101010101010000000101010101000
1010101010101010001010101010101000010010101010101000
1010101010101010001010101010101010001010101010101000
