(9,9,8)
1111111111111111111111111111111111111111111111111111111111111000
10100000000000000
1110000000000000
11100001010000000
1110001110000000
11110101110000000
1111111110000000
100000100000
11000010000
1100011000
11101011000
1111111000
1010000000
111000000
1110101000
111111000
1111111010
1110000000
11110100000
1111110000
100100000000
1010001001000
111001001000
1110101100100
111111100100
101010000000
11101000000
1111100000
11111101000
1100100000000
11010100000100
1111100100000
10100001000000000
1110000100000000
11101010000010000
1111110000100000
100010000100000000
11000100010000000
110101000010001000
11111000100010000
100100010001000000000
11010001000100000000
111010001000100000010
11000100010000001100000000000
110001000100000011000001010000
11100011000100010000001100000
111000110001000100010101100000
11111000100010001100011100000
111110001011110001100010001000
11111100111110001000100011000
111111101111110001000100011000
111111100010001000110010000000
110010000001000000010010001000
1101010001100100000010000000100
111110010000000100000010011000
1111100100000001000000101000000000000100
11111001000000101000010100000010000000100
111110010000101010000001010000101000000100
1010100001010000000001010000001010000101000000
10101010000001010000101010000001010000101000000
101010101010000001010101000000101000010101000000
1010101010100010101010101000000101010000101000000
10101010101010000001010101010100010101010101000000
101010101010101000101010101010100000010101010101000
1010101010101010001010101010101010001010101010101000
