(9,9,9)
1111111111111111111111111111111111111111111111111111111111111000
101000000000000
11100000000000
111010100000000
11111100000000
10000001000000
1100000100000
110000110000
1101010110000
111110110000
1111101101010
111110111110
11111110000000
100000100000
11000010000
1100011000
11101011000
1111111000
10100000
110100010
11110100
111110110
11111110000000000
100000100000000
1010100000100000
111100000100000
1111001010100000
111100111100000
1111101000111100
11111101111100010
11111100011000000
11001000000100000
110010101000100000
1110110101000100000
111110111000001000
11110000010010000000
111100000101100100000
11110010000011110000
111110100111100000100
1111110110000011110010
1111001100000011100000
11110011000101011100000
1111110001100111100000
11111100011101111100000
111111011100011111100010
111111000111100000011000
111100100000010011000000
1111001000000100110101000
111110010000001001111000
1111110110000001001111000
1111001000000111000000100
11111011000000111000000100
1110000001110000001010000000
111000000111000000111000000
111000001000000000100000111000000
1110000010101000000100000111000000
1110000010000001010100001000000000100000
11100000101010000001000010101000000100000
10101000010000001010100001000000000100001000000
101010000101010000001000010101000000100001000000
1010100010101000010000001010100001010100000010000
10101000101010000101010001010100001010100000010000
101010001010100001010100010101000010101000101010000
1010101010101010001010100001010100010101000010101000
10101010101010100010101010101010100010101000010101000
101010101010101000101010101010101000101010101010101000
