(9,9,9)
1111111111111111111111111111111111111111111111111111111111110000
100100
101010
1101100000000000
11110000000000
1111001001000000
1111010101000000
1111011011000000
11111111000000
1000010000
1010001000
1010010100
1101010100
1101101100
11110110
1111110000000000
1000000100000000
1010000010000000
1101000000100000
11100001000000
10001000001000000000
1010010000001000100000
1101010000001000100000
11101000000100010000
11110100000100010000
11111010000100010000
1100001000100010000000
11000100010001000000
1100101000100000011000
1101011000110000001000
111001011010110001000000
111010111010110001000000
111101110001000000111010
1111000100000011101100000000
11111000000100011110000000
1111000100000100000001000000
10010000010000000100000100000000
10100000100100000000100000100001000000000000
10100010000010000000010010000010100000000000
10101000001010000000000010100010000010000000
1010100000101000100100000010100010000010000000
101010000100101000001000101000000100100010100000
101010001010000010101000010010100000100010100000
10101001001010100010100000101010000100101000001000
10101010001010100000101000101010010010101000100000
10101010101010100010100000101010001010101000001000
1010101010101010001010000010101000101010101001001000
1010101010101010001010101010101010001010100000101000
101010101010101000101010101010101000101010010010101000
101010101010101000101010101010101000101010101010101000
