24,23,22,21,20
11,10,9,8,7
5,4,3,2,1,0,26,27,28,29,30,31
31,26,25,24,20,19,18,32,33,34,35,36
13,12,11,7,6,5,27,37,38,39,40,41
36,18,17,16,15,14,13,37,42,43,44,45
32,31,30,46,47
28,27,41,48,49
47,30,29,50,51
51,29,28,48,52
50,51,52,53,54
46,47,50,53,55
54,52,48,49,56
55,53,54,56,57
57,56,49,41,40
33,32,46,55,57,40,39,58,59,60,61,62
62,39,38,63,64
64,38,37,45,65
61,62,63,66,67
67,63,64,65,68
68,65,45,44,69
66,67,68,69,70
60,61,66,70,71
71,70,69,44,43
59,60,71,43,42
34,33,58,72,73
35,34,72,74,75
73,58,59,42,36,35,74,76,77,78,79,80
76,73,72,75,81
81,75,74,80,82
77,76,81,82,83
83,82,80,79,84
84,79,78,85,86
85,86,87,88,89
89,86,78,77,83,84,85,87,90,91,92,93
90,89,88,94,95
95,88,87,93,96
96,93,92,97,98
91,90,94,99,100
98,92,91,99,101
100,99,101,102,103
103,101,98,97,104
102,103,104,105,106
106,104,97,96,95,94,100,102,105,107,108,109
109,108,110,111,112
112,108,107,113,114
111,112,113,115,116
110,111,115,117,118
114,107,106,105,109,110,117,119,120,121,122,123
119,114,113,116,124
124,116,115,118,125
122,121,126,127,128
120,121,128,129,130
127,128,130,131,132
123,122,126,133,134
134,126,127,131,135
135,131,132,136,137
133,134,135,136,138
137,132,130,129,139
138,136,137,139,140
140,139,129,120,119,124,125,141,142,143,144,145
145,125,118,117,123,133,138,140,141,146,147,148
146,145,144,149,150
147,146,149,151,152
148,147,151,153,154
142,141,148,153,155
155,153,154,156,157
157,154,151,152,158
158,152,149,150,159
156,157,158,159,160
160,159,150,144,143
142,155,156,160,143
