2,3,4
16,17,0,1,2,4,5,6,7,8,18
10,11,12,13,14,19,20,21,22,23,24
20,21,25
19,20,25
18,8,9,10,19,25,21,22,26,27,28
28,22,23
26,27,29
29,27,28,23,24,30,31,32,33,34,35
35,24,14,15,16,18,26,29,30,36,37
34,35,36
37,30,31
33,34,36,37,31,32,38,39,40,41,42
39,40,43
38,39,43
42,32,33,38,43,40,41,44,45,46,47
44,45,48
46,47,49
49,47,41,42,44,48,50,51,52,53,54
51,52,55
55,52,53
50,51,55,53,54,56,57,58,59,60,61
61,54,48,45,46,49,50,56,62,63,64
60,61,62
58,59,65
64,56,57
65,59,60,62,63,66,67,68,69,70,71
67,68,72
66,67,72
71,63,64,57,58,65,66,72,68,69,73
70,71,73
69,70,73
