2,3,4
14,15,0,1,2,4,5,6,7,8,16,17,18,19,20,21,22
18,19,23
23,18,17
21,22,24
20,21,24
16,17,23,19,20,24,22,8,9,10,25,26,27,28,29,30,31
26,27,32
32,26,25
31,10,11,12,13,14,16,25,32,27,28,33,34,35,36,37,38
34,35,39
39,34,33
37,38,40
36,37,40
30,31,33,39,35,36,40,38,28,29,41,42,43,44,45,46,47
42,43,48
48,42,41
44,45,49
47,46,50
50,47,29,30,41,48,43,44,49,51,52,53,54,55,56,57,58
52,53,59
51,52,59
58,57,60
60,58,49,45,46,50,51,59,53,54,61,62,63,64,65,66,67
65,64,68
66,65,68
63,62,69
69,62,61
67,66,68,64,63,69,61,60,57,56,70,71,72,73,74,75,76
76,56,55
71,72,77
70,71,77
75,76,55,54,67,70,77,72,73,78,79,80,81,82,83,84,85
78,75,74
84,83,86
85,84,86
82,81,87
79,80,88
87,82,83,86,85,73,74,78,79,88,89,90,91,92,93,94,95
94,93,96
95,94,96
89,87,81,80,88,95,96,93,92,97,98,99,100,101,102,103,104
98,99,105
105,98,97
102,103,106
106,103,104
100,101,107
90,91,108
107,101,102,106,104,92,91,108,109,110,111,112,113,114,115,116,117
112,113,118
118,113,114
110,111,119
119,110,109
117,108,90,89,97,105,99,100,107,109,119,111,112,118,114,115,120
120,117,116
115,120,116
