20,19,18,27
13,12,11,28
26,25,24,29
7,6,5,30
30,5,4,3,2,1,0,26,29,31,32,33,34,35,36
27,18,17,16,15,14,13,28,37,38,39,40,41,42,43
36,29,24,23,22,21,20,27,37,44,45,46,47,48,49
43,28,11,10,9,8,7,30,31,50,51,52,53,54,55
50,43,42,56
44,36,35,57
45,44,57,58
58,57,35,34
51,50,56,59
59,56,42,41
38,37,49,60
32,31,55,61
60,49,48,62
39,38,60,62
61,55,54,63
33,32,61,63
46,45,58,34,33,63,54,53,64,65,66,67,68,69,70
47,46,64,71
70,53,52,72
71,64,65,73
69,70,72,74
73,65,66,75
68,69,74,76
75,66,67,77
40,39,62,48,47,71,73,75,77,78,79,80,81,82,83
76,74,72,52,51,59,41,40,78,84,85,86,87,88,89
79,78,89,90
90,89,88,91
80,79,90,91
87,86,92,93
85,86,93,94
92,93,94,95
95,94,85,84
81,80,91,88,87,92,95,84,76,68,67,77,83,96,97
97,83,82,98
98,82,81,96,99,100,101,102,103,104,105,106,107,108,109
105,104,110,111
103,104,111,112
106,105,110,113
112,103,102,114
107,106,113,115
114,102,101,116
108,107,115,117
116,101,100,118
117,115,113,110,111,112,114,116,118,119,120,121,122,123,124
109,108,117,119
124,118,100,99
123,124,99,98,97,96,109,119,120,125,126,127,128,129,130
125,123,122,131
126,125,131,132
132,131,122,121
129,128,133,134
130,129,133,135
135,133,134,136
127,126,132,121,120,130,135,136,137,138,139,140,141,142,143
139,140,144,145
144,139,138,146
146,144,145,147
137,138,146,147
143,136,134,128,127,137,147,145,140,141,148,149,150,151,152
148,143,142,153
153,142,141,152
151,150,154,155
154,155,156,157
157,156,158,159
149,148,153,152,151,154,156,159,160,161,162,163,164,165,166
166,159,158,167
165,166,167,168
164,165,168,169
169,168,167,158,157,155,150,149,160,170,171,172,173,174,175
170,169,164,163
161,160,175,176
176,175,174,177
162,161,176,177
173,172,178,179
179,172,171,180
180,171,170,163,162,177,174,173,178,181,182,183,184,185,186
184,183,187,188
185,184,187,189
189,187,188,190
186,185,189,190
182,181,191,192
191,192,193,194
193,191,182,183,188,190,186,178,179,180,181,192,194,195,196
195,196,197,198
197,198,199,200
200,198,196,194,193,195,197,199,201,202,203,204,205,206,207
205,204,208,209
208,205,206,210
210,208,209,211
207,206,210,211
201,200,199,207,211,209,204,203,212,213,214,215,216,217,218
218,203,202,219
217,218,219,220
216,217,220,221
215,216,221,222
213,214,223,224
212,213,223,225
225,223,224,226
222,221,220,219,202,201,212,225,226,227,228,229,230,231,232
231,230,233,234
233,231,232,235
235,233,234,236
227,222,215,214,224,226,232,235,236,237,238,239,240,241,242
228,227,237,243
243,237,238,244
229,228,243,244
242,236,234,230,229,244,238,239,245,246,247,248,249,250,251
245,242,241,252
246,245,252,253
253,252,241,240
250,249,254,255
251,250,254,256
256,254,255,257
247,246,253,240,239,251,256,257,258,259,260,261,262,263,264
248,247,258,265
265,258,259,266
266,259,260,267
267,260,261,268
264,257,255,249,248,265,266,267,268,269,270,271,272,273,274
262,261,268,274
269,264,263,275
270,269,275,276
271,270,276,277
272,271,277,278
278,277,276,275,263,262,274,273,279,280,281,282,283,284,285
281,282,286,287
287,282,283,288
280,281,286,289
288,283,284,290
279,280,289,291
290,284,285,292
291,289,286,287,288,290,292,293,294,295,296,297,298,299,300
295,296,301,302
294,295,301,303
303,301,302,304
293,294,303,304
300,292,285,273,272,278,279,291,293,304,302,296,297,305,306
305,300,299,307
306,305,307,308
308,307,299,298
297,306,308,298
