2,3,4
14,15,0,1,2,4,5,6,7,8,16,17,18
16,17,19
19,16,14,13,12,11,10,20,21,22,23,24,25
24,23,26
26,24,25
18,8,9,10,25,26,23,22,27,28,29,30,31
31,22,21
28,29,32
32,28,27
20,19,17,18,27,32,29,30,33,34,35,36,37
37,36,38
33,34,39
39,33,20,21,31,30,37,38,40,41,42,43,44
43,42,45
44,43,45
41,40,46
46,41,42,45,44,38,36,35,47,48,49,50,51
51,50,52
47,46,40,39,34,35,51,52,53,54,55,56,57
53,47,48
56,55,58
57,56,58
49,50,52,57,58,55,54,59,60,61,62,63,64
60,61,65
65,60,59
64,54,53,48,49,59,65,61,62,66,67,68,69
63,64,66
67,68,70
70,67,66,63,62,69,71,72,73,74,75,76,77
75,74,78
73,74,78
77,76,79
72,71,80
79,76,75,78,73,72,80,81,82,83,84,85,86
82,83,87
87,82,81
86,80,71,70,68,69,77,79,81,87,83,84,88
85,86,88
84,85,88
