6,7,8,9,10,11,14,15,16,17,18
15,16,19
14,15,19
4,5,6,14,19,16,17,20,21,22,23
23,17,18
13,0,1,2,3,4,20,24,25,26,27
27,20,21
22,23,18,11,12,13,24,28,29,30,31
30,31,32
29,30,32
25,26,33
28,22,21,27,26,33,34,35,36,37,38
34,28,29,32,31,24,25,33,38,39,40
35,36,41
41,36,37
39,34,35,41,37,38,40,42,43,44,45
45,44,46
42,43,47
46,45,40,39,42,47,48,49,50,51,52
49,50,53
51,50,53
48,49,53,51,52,54,55,56,57,58,59
59,52,47,43,44,46,48,54,60,61,62
58,59,60
62,54,55
56,57,63
63,57,58,60,61,64,65,66,67,68,69
65,66,70
64,65,70
69,61,62,55,56,63,64,70,66,67,71
68,69,71
67,68,71
