6,7,8,9,10,11,14,15
13,0,1,2,3,4,16,17
15,11,12,13,16
14,15,16,17,18,19,20,21
21,17,4,5,6,14,18,22
20,21,22,23,24
19,20,23,25,26
24,22,18,19,25,27,28,29
29,25,26,30,31
31,26,23,24,27,32,33,34
30,31,32,35,36
28,29,30,35,37
34,27,28,37,38
33,34,38,39,40
36,32,33,39,41
40,38,37,35,36,41,42,43
42,43,44,45,46
46,43,41,39,40,42,44,47
45,46,47,48,49,50,51,52
52,47,44,45,48,53,54,55
51,52,53,56,57
50,51,56,58,59
49,50,58,60,61
55,48,49,60,62
54,55,62,63,64
64,62,60,61,65
65,61,58,59,66
63,64,65,66,67
67,66,59,56,57
53,54,63,67,57
