16,15,14
2,1,0,17,16,14,13,12,11,10,18,19,20,21,22,23
19,20,24
18,19,24
21,22,25
25,22,23
4,3,2,18,24,20,21,25,23,10,9,8,26,27,28,29
26,27,30
29,8,7,6,5,4,26,30,31,32,33,34,35,36,37,38
31,29,28
38,37,39
39,37,36
32,31,28,27,30,38,39,36,35,40,41,42,43,44,45,46
42,43,47
47,42,41
45,46,48
44,45,48
40,41,47,43,44,48,46,35,34,49,50,51,52,53,54,55
55,34,33
50,51,56
56,50,49
54,55,33,32,40,49,56,51,52,57,58,59,60,61,62,63
57,54,53
62,61,64
64,62,63
60,59,65
58,57,53,52,63,64,61,60,65,66,67,68,69,70,71,72
68,69,73
70,69,73
66,67,74
72,71,75
75,71,70,73,68,67,74,76,77,78,79,80,81,82,83,84
81,80,85
85,80,79
84,83,86
82,83,86
76,75,72,65,59,58,66,74,84,86,82,81,85,79,78,87
87,78,77
76,87,77
