5,4,3,2,1,0,26,27,28
28,26,25,24
27,28,24,23,22,21,20,29,30
30,20,19,18
29,30,18,17,16,15,14,13,31
7,6,5,27,29,31,32,33,34
11,10,9,8,7,32,35,36,37
34,31,13,12,11,35,38,39,40
36,35,40,41
41,40,39,42
37,36,41,42
38,34,33,43,44,45,46,47,48
48,33,32,37,42,39,38,43,49
49,48,47,50
44,43,49,50
45,44,50,47,46,51,52,53,54
52,53,55,56
51,52,55,57
57,55,56,58
58,56,53,54,59,60,61,62,63
63,54,46,45,51,57,58,59,64
62,61,65,66
60,61,66,67
65,66,67,68
64,63,62,65,68,69,70,71,72
72,68,67,60,59,64,69,73,74
73,72,71,75
74,73,75,76
76,75,71,70
69,74,76,70
