5,4,3,2,1,0,26,27
18,17,16,15,14,13,28,29
24,23,22,21,20,30,31,32
11,10,9,8,7,33,34,35
32,20,19,18,28,36,37,38
38,28,29
37,38,29,13,12,11,33,39
36,37,39
31,32,36,39,33,34,40,41
30,31,40
27,26,25,24,30,40,41,42
42,41,34,35,43,44,45,46
46,35,7,6,5,27,42,43
45,44,47,48,49,50,51,52
52,44,43,46,45,47,53,54
50,49,55
48,49,55
51,50,55,48,47,54,56,57
56,57,58
58,57,54,53,59,60,61,62
62,53,52,51,56,58,59,63
61,60,64
63,62,61,64,65,66,67,68
68,64,60,59,63,65,69,70
70,69,71
66,67,72
72,67,68,69,71,73,74,75
73,72,66,65,70,71,75,76
76,75,74
73,76,74
