(10,10,10)
1111111111111111111111111111111111111111111111111111111111100000
10001000
100100100
1010010100
11001010100
110100110100
11010101100
1101011010
11101011100
111100111100
111101000000010
1111101000000100
11000000101000000
1010000010100000
11001000010100000
1010100001010000
11001100001010000
1101010001010000
110100010100010
11011000101000
1110100101000
1110010100
1101010
11101100
1111010
1110000000
1100000
101000
1100100
101010
1101100
111010
11100000000
11000000
1010000
11001000
1010100
1101011000
110110100
1110110100
111101100
11111010
111000000
110000
10100
110100
1110100
11110100
11010000000
1101000000
110100000
1110010000
1101000
11100100
1010100000000
11010000000100
111001000000100
10100000010100000000
110010000010100000000
10101000001010000000
110010000101010000000
1010100001010000000001000000
1010100010000001000000101010000
10101001001000001000000101010000
10101010001000100000100100101010000
101010100100100100000100100101010000
1010101001010000010010010010101010000
10101010100101001000001010010101010000
110010101010100001010101010010100100000
10101010101010000101010101001010010000
110010101010101000010101010101010000100
1010101010101000010101010101010000101000000000
1010101010101000010101010101010000101000100010000
10101010101010000101010101010100001010010010010000
101010101010100001010101010101000010100101001010000
1100101010000101010101010100001010101010101000010100
101010101010100001010101010101000010101010101010000
101010101010101000101010101010101000010101010101010000
101010101010101010001010101010101010000101010101010101000
101010101010101010001010101010101010100010101010101010101000
