(10,10,10)
1111111111111111111111111111111111111111111111111111111111110000
100100
101010
110110
111100000000000
11110000100100000
11110001010100000
11110001101100000
111100111100000
11111001111100000
1111110011111100000
11111101000000010000
11111110100000010000
1100000010001000000
11000001000100000
1100101000001100000
1100001000000000001010100000
110000100001001000001010100000
110000100010101000001010100000
11010010100010101000001010100000
1110000010101000001010100010101000000000000
111000001010100000101010001010100000100100000
111000010101000001010100010101000001010100000
11110010001010100000101010001010100000101010000
1010100010101000001010100010100000000010001010100000
101010001010100000101010001010000010010010001010100000
101010100010101000001010100010101000001010100010100000
10101010010010101000101000001010101000101010000010101000
10101010101010101000101010000010101000101010100000101000
1010101010101010100010101000001010100010101010100100101000
1010101010101010100010101010101010101000101010000010101000
101010101010101010001010101010101010100010101010010010101000
101010101010101010001010101010101010100010101010101010101000
