(10,10,10)
1111111111111111111111111111111111111111111111111111111111100000
10001000
100100100
1010010100
11001010100
1010101010
11010101100
1101011010
11101011100
11110101111000
11111010111101000
111110101111100100
1111101011111010010
11111101011111010100
111110110000000101010
1111101100000010011010
111110110101000000110
1111101101100100000110
111110111010100000110
1111101110110010000110
111110111101010000110
111110111101010010001110
1111101111010101001001110
11111011110101010100101110
111110111101010101010011110
1111101111010101011001011110
111110111101010110101011110
1111101111011001110101011110
111110111110111101010111010
1111101111101111011001111010
111110111110111110101111010
1111110111110111110101111100
11111101111101011111010000000
111111010111110100000010000000
1111101100000001000000100000010
111111010000001000000100000010
1100000010000001000000110000000
110000001010000010000001000000
10100000101000001000000100000
10100000101000001001000100100000
101001001001000001010000010100000
1010010100101000001010000010100000
11001010100000101000001010000010100
1010101010101000001010000010100000
11001000010100000101010101010100000
1010101010101000010101000010100000
1010101010101000010101010001010100000
11010000010101010101010000101010100100
110100101010101000010101010101010000010
1110100000101010101010100001010101010100
11110010101010101000010101010101010000100
1010101010101000010101010101010000101000000000
1010101010101000010101010101010000101001000100000
10101010101010000101010101010100001010100100100000
101010101010100001010101010101000010101001010010000
1100101010000101010101010100001010101010101000010100
101010101010100001010101010101000010101010101010000
101010101010101000101010101010101000010101010101010000
101010101010101010001010101010101010000101010101010101000
101010101010101010001010101010101010100010101010101010101000
