(10,10,10)
1111111111111111111111111111111111111111111111111111111111110000
100100
101010
110110
11110000000000
1111001001000000
1111010101000000
1111011011000000
11111111000000
1000010000
101001010000
110101010000
110110110000
1111110000
1001000000
1010100000
1101000010
11110000
1111100100
101010000000
110100000010
111010000010
110000011000000000
1100001100000000
111001000000110000
11110011000000110000
110100000000100011000000
111010000000100011000000
111101000000100011000000
111110100000100011000000
11000100000110000000100000
11000100000110000001010000
11010000011000001000110000
1101001011010000011000001000
11110010110001000001100000
1111100110110001000001100000
110110100000001000011000001000
1111100010000011000010000000
110000100000010000000100100000
110000100000101000000100100000
11000010100100101000000100100000
110000101010000000000010101000000100100000
11000010101000000100100010101000000100100000
1110010001001000000101010001001000000101010000
1010100010010000001010100010000000001010001001000000
1010100010100000000010001010100000010010001010100000
101010001010000010010010001010100000010010001010100000
101010001010100000101010001010000010010010001010100000
101010100010101000001010100010101000001010100010100000
10101010010010101000101000001010101000101010000010101000
10101010101010101000101010000010101000101010100000101000
1010101010101010100010101000001010100010101010100100101000
1010101010101010100010101010101010101000101010000010101000
101010101010101010001010101010101010100010101010010010101000
101010101010101010001010101010101010100010101010101010101000
