(10,10,10)
1111111111111111111111111111111111111111111111111111111111110000
100100
101010
110110
1111000000
1000010000
1010001000
1101001000
11100100
11101010
11110110
111111000000
10010000
10101000
11010010
111100
110000
1100
111100000000
100001000000
11001000010000
1110011000010000
110100000100010000
111010000100010000
111101000100010000
110001000100010000
11001010000110001000
11010110001000110000
11101110001000110000
1111000011000100100000
1100010010000100001000
1100010101000100001000
111001010101000100001000
10101010100010000100100000
10101010100010001000000010100000
1010101010001000100001001010100000
1010101010001000100010000000101010100000
101010101001000010001000100010101010100000
10101010101000100010001000010010101010100100000000
1010101010101001000001001010101010010000100010001000
1010101010101001000001001010101010101000100010001000
1010101010101010100010001000100010101010101010010000
1010101010101010100010101010101010101000100010001000
110010100010101010101010101000101010101010101010001000
11100101000101010101010101010001010101010101010100010100
1010101010101010100010101010101010101000101010000010101000
101010101010101010001010101010101010100010101010010010101000
101010101010101010001010101010101010100010101010101010101000
