(10,10,10)
1111111111111111111111111111111111111111111111111111111111100000
10001000
100100100
110010011000
1100101000000100
11010010000010100
111001010000010100
10101000001010100000
110100000101010000100
1110010000101010000100
101010000101000001010000
1100100001010000101010000
1101000101010100001010000100
11100100101010100001010000100
1010101001010000010100001010000
11001010101010000101000010100000
1010101010101000010100001010000
101010101010100001010100000000101010000
101010101010100001010100100010000101010000
1010101010101000010101010010010000101010000
10101010101010000101010101001010000101010000
110010101010101000010101010101010000101010000
110100010101010000101010101010100001010101010100
110110010101010101000010101010101010000101010101000
11101001010101010000101010101010100001010101010100
111100101010101010000101010101010100001010101010100
101010101010100001010101010101000010101010101010000
101010101010101000101010101010101000010101010101010000
101010101010101010001010101010101010000101010101010101000
101010101010101010001010101010101010100010101010101010101000
