(10,10,10)
1111111111111111111111111111111111111111111111111111111111111000
1010
11100000000000000
111000010100000000
11100011100000000
111101011100000000
11111111100000000
10000001000000
1100000100000
110000110000
1101010110000
111110110000
1111101101010
111111110110
11110000000
111101010000
11111110000
100100000000
1010001001000
111001001000
1110101100100
111111100100
1010100000000
111010000000
11111000000
111110101000
11111111000
1010000000
111000000
1110101000
11101011010
1111111010
11100000000
111000101000
11100111000
111101011100
11111111100
11000000
111010000
11111000
111111010
111000000000
1111010000000
11111010000010
1111111010000
11000100000000
1100110000000
11010100001100
1111100110000
11111101001100
11010000000001100
1111001100000000
11110011010100000
111110111010100000
11111101111100000
11111100001000000000
10001000000001000000000
101000100000000100010000
11100010001000000001000
111000101010000010001000
11110001110001000100000
111101010001000001111000
11111110001111000001000
111100100000000100100000
1111001000000101100100000
111100100000111100100000
1111101000100111100000100
11111011000101111100100000
1111101000111000000000010000100
11111010001110000000101010000100
1110001100000000001010000101010000000
11100011000000010101010000101010000000
111001010001010100001010101000000011000
1110100000101010100001010100010100111000
111110001110010100010101000010101010000
111110010000000000001010100010101000010101010000
1111100100000010100001010100010101000010101010000
11111001000101010100001010100010101000010101010000
1010101000101000000000010001010101000010101000101010000
10101010001010100000001010001010101000010101000101010000
101010100010101010000101010001010101000010101000101010000
1010101010101010100010101000010101010001010101000010101000
10101010101010101000101010101010101010001010101000010101000
101010101010101010001010101010101010100010101010101010101000
