(10,10,9)
1111111111111111111111111111111111111111111111111111111111110000
100100
101010
11011000000000000
111100000000000
11110010010000000
11110101010000000
11110110110000000
111111110000000
100000100000
101000010000
110100010000
111010010000
111101010000
111110110000
111000100000000
11101001000001000
11110101000001000
1111010100000110010
1111101011000001010
1111110110000011010
1111111011100000110
111100000111000000
11100001000000000100000
1110000100000001001100000
1110000100000010101100000
1110000100000101101100000
11111000001110000100000
1111110010001110000100000
11100010100000001000010000
1110001100000000000010000001000010000
111000110000001001000010000001000010000
111000110000010101000010000001000010000
111000110000011011000010000001000010000
1111000011000111000010000100000010000
1111000011000111000101000100000010000
111100001110010111000101000100000010000
111101011100001111000010000001000101000
111110111100001111000010000001000101000
11111101111000011110000100000010001010100
111110000111100001000000100010101010000000
11111000011110000100000010001010101010010000
11111000101010101010100010000001000011110000
1111110010101010101010100010000001000011110000
11110001000000010101010101010101000100000010000
11110001010000010001010101010101010100000001000
1111000101001000010101010101010101000100000101000
111100010101001001000101010101010101010000100101000
111100010101010001010101010101010100010010010101000
111100010101010101000101010101010101010001010101000
11111001010101010001010101010101010100010101010101000
1111110010101010101010001010101010101010100010101010100
10101010101010101000101010101010101000000010101010101000
1010101010101010100010101010101010100001001010101010101000
1010101010101010100010101010101010101000101010101010101000
