(10,10,9)
1111111111111111111111111111111111111111111111111111111111111000
1010
11100000000000000
111000010100000000
11100011100000000
111101011100000000
11111111100000000
10000001000000
1100000100000
110000110000
1101010110000
111110110000
1111101101010
111111110110
11110000000
111101010000
11111110000
100100000000
1010001001000
111001001000
1110101100100
111111100100
1010100000000
111010000000
11111000000
1000010000000000
10100010000100000
110100100000101000
1110101010000010010
111111010010000010
110010000011000000000
1100101000001100000100
111001100100000110000
1110011001010100110000
111100110011100001100
1111001101010111001100
111111011001111001100
1111111011100111100110
11110011110011100000000
111101000000111100111100
11111100111100111100000
11110100000000010000111100
1111110011110000100000000
1111010000000001000000010000
111111000010000000100000000
100010000000100000001000000000
1010001000100000001000000010000
111000100010000000100000001000
1110101100010000000100000001000
111111100010000000100000001000
1001000000010000000100100000000
11010000001001000000010000000100
1111001000000010000000100100000
11110010000000100000001001101000
111100100000001000000011011101000
11111011000000010000000100111100
111111011111001000000010000000110
111111001000000010000000111000000000
1111110010000000100000001110010100000
1111110010000000100000010000000000001010100000
11111100100000001000000100001010000001010100000
10101000010000000001010000000100000010000101000000
101010000101000000000100001010100000010100001000000
1010100001010100000010100001010100000010000101000000
10101010100000010101000010101000000101000010101000000
101010101010100000010101010100000010101000010101000000
1010101010101000101010101010100000010101000010101000000
10101010101010100000010101010101010001010101010101000000
101010101010101010001010101010101010000001010101010101000
1010101010101010100010101010101010101000101010101010101000
