(10,10,9)
1111111111111111111111111111111111111111111111111111111111111000
1010
1110000000000000
11100001010000000
1110001110000000
11110101110000000
1111111110000000
100000100000
11000010000
1100011000
11101011000
1111111000
1010000000
111000000
1110101000
111111000
1111111010
1110000000
11101010000
1111110000
100100000000
1010001001000
111001001000
1110101100100
111111100100
101010000000
11101000000
1111100000
11111010100
1111111100
11000000
111010000
11000100000000000
110001000101000000
11100100011000000
111010100011000100
11111100100011000
111111101100011000
111000110010000000
1110101000010011000
111111000110010000
11001000100000000100
110010001010001000100
11100100110010001000
111001001100101011000
11111001100100111000
111110011001101111000
1111100111011101111000
111110011110000000000011111000
1111100111100001010000011111000
11111010010100000111110001111100
111111011111101001010000011111000
11111110001111100000101001100000000
11111001000000010000000110010100000
111110010000000100000010000000000001010100000
1111100100000001000000100001010000001010100000
10101000010000000001010000000100000010000101000000
101010000101000000000100001010100000010100001000000
1010100001010100000010100001010100000010000101000000
10101010100000010101000010101000000101000010101000000
101010101010100000010101010100000010101000010101000000
1010101010101000101010101010100000010101000010101000000
10101010101010100000010101010101010001010101010101000000
101010101010101010001010101010101010000001010101010101000
1010101010101010100010101010101010101000101010101010101000
