(10,10,10)
1111111111111111111111111111111111111111111111111111111111111000
1010
111000000000
1110101000000
111111000000
1000010000
110001000
1101011000
111111000
1010000
111000
1111010
111000000
1111010000
110001000000
1110100001000
11000010010000000
110000101010010000
11110010000110000
111110110000110000
111000011000100000
1100010000100000001000
11000101010000100001000
1111000110001000010000
110010000001000100001000
1100100010101000100001000
111100010011000100001000
1111000100110001101001000
11110001101101100011001000
11110010000000011101100011001000
111100100001010011101100011001000
11101100011001001000000101000010100
111000110010010000001010000101010000000
1110010100010101000010100000010010011000
11001001000000101000010101000101010000000100
110010010001010101000010101000101010000000100
1100101010000101010001010100001010101000100100
11101100100010101010000101010001010100001010100
111001000101010100001010100010101000010101010000000
1110010100010101010000101010001010100001010101000100
10101010001010100000001010001010101000010101000101010000
101010100010101010000101010001010101000010101000101010000
1010101010101010100010101000010101010001010101000010101000
10101010101010101000101010101010101010001010101000010101000
101010101010101010001010101010101010100010101010101010101000
