(101000101000010100010100000)
1111111111111111111111111111111111111111111111111111111111110000
100100
101010
110110
11110000000
100000100000
101000010000
110100010000
1110001000
1110010100
1110101100
11101110
11111000000
1000010000
1010001000
1101001000
11100100
11101010
11110110
1111110000000
1000100000
1010010000
1010101000
1101101000
11111000
1010000
101010100
110101010
111011010
111101110
111111000000
100010000
101001000
110101000
11010110100
11101011010
11110111010
11111011110
111111100000
1001000
1010100
110101100
11011010000000
1110110100000100
1110100000101000000
111101000001010000100
1100000101000010100000
111001000101000010100000
11110010001010000101000100
101000101000010100010100000
