(10101010101000101010101010000)
1111111111111111111111111111111111111111111111111111111111100000
10001000
100100100
1010010100
11001010100
1010101010
11010101100
1101011010
110110110
11101110
111110000
100100
1010100
11010100
110110100
11101010
110110000
11101000
11100
110000
10100
110100
11010
11100000
11000
1010
111000000
1000010000
10100001010000000
10100100010001010000
101001001001001010000
1010100101001001010000
10101001010100101010000
110100101010000101010100
1110010101010000101010100
10101010100001010101010000
10101010101000101010101010000
