(1010001010000)
1111111111111111111111111111111111111111111111111111111111100000
10001000
100100100
1010010100
11001010100
1010101010
11010101100
1101011010
110110110
11101110
111110000000
100000100000
1001000010000
10100100010000
110010001000100
10101010001000
110100010001100
11010100100010
1101101001000
111010010010
111100100
1111010010
11111010100
11010100000
1101000010
110110000
11101000
11100
110000000
10100000
110010000
10101000
110011000
11010100
1101010
11101100
1111010
111000000
110000
10100
110100
11010
11100000000
11000000
1010000
1010101000
11010100100
110101010010
1101011010100
110110101010
1101101101100
111011011010
11101110110
1111011110
111111000000
1000010000
1010001010000
