(10101010101000101010101010000)
1111111111111111111111111111111111111111111111111111111111111000
1010
11100000000
111010100000
11111100000
10001000
1100100
11101100
111101110
111111000000
100010000
1101010000
111110000
10010000
1101000
111100
1100000
11010100
1110110
111110000000
10000100000
101010010000
11110010000
101000100000
11001010000
1110011000
1101000000100
11010010100100
111011001010010
111001010011000000
1110010100110010100
111001010100000001010100
1110010101010100001010100
1010101010100001010101000000
10101010101000101010101010000
