(101010100010101010000)
1111111111111111111111111111111111111111111111111111111111100000
10001000
100100100
1010010100
11001010100
1010101010
11010101100
1101011010
110110110
11101110
111110000000
100000100000
1001000010000
10100100010000
110010001000100
10101010001000
110100010001100
11010100100010
1101101001000
111010010010
111100100
1111010010
11111010100
11010100000
1101000010
110110000
11101000
11100
110000000
10100000
110010000
10101000
110011000
11010100
1101010
11101100
1111010
111000000
110000
10100
110100
11010
11100000000
11000000
1010000
11001000
1010100
1101011000
1110101101000
11101011100100
111100111100100
11110100000010100
111110010100000100
101010000010100000
1100100001010100000
101010000101010000
101010100010101010000
