(10100001010000)
1111111111111111111111111111111111111111111111111111111111111000
1010
1110000000000
11101010000000
1111110000000
100000100000
11000010000
1100011000
11101011000
1111111000
1010000
111000
1111010
1110000000
11101010000
1111110000
100100000
1010100100
111100100
1111101100
11101000000
1111100000
10001000000
1100100000
11010100100
1111100100
10101000000
1110100000
111110000
1001000000
110100000
11110000
111110100
1101000000
111100000
1111101000
11001000000
110101000100
11111001000
101001000000
11100100000
111010100100
11111100100
1010100000
111010000
11111000
101000000
11100000
111101000
110010000000
1101010000100
111110010000
1010001000000
111000100000
10010000100000000
101000100100001000
11100100001001000
111010110010000100
11111110010000100
10100001010000
