(10101010101000101010101010000)
1111111111111111111111111111111111111111111111111111111111100000
10001000
100100100
1010010100
11001010100
1010101010
11010101100
1101011010
110110110
11101110
11111000000
1000010000
10010001000
101001001000
1100100100100
101010100100
1101001001100
110101010010
11011010100
1110101010
1111010
11100000
11000
11101000
111100100
1010100000
11001100000
1101010000
110100010
11011000
1110100
11110100
110100000
11010000
1101000
110100
11010
1110000000
1100000
1101000100
11010010010
110101001010
1101101010100
11011010110010
1101101101010
11101101101100
1110110111010
11110110111100
111101110000010
1111000001100000
11000010000010000
11010001010000010000
111001001010000010000
1110100101010000010000
11110010101010000010000
101010101000001000100000
1010101010000100100100000
10101010100001001010010000
110010100001010101010000100
10101010100001010101010000
10101010101000101010101010000
