(10101010101000101010101010000)
1111111111111111111111111111111111111111111111111111111111110000
100100
101010
110110
11110000000
100000100000
101000010000
110100010000
1110001000
1110010100
1110101100
11101110
11111000000
1000010000
1010001000
1101001000
11100100
11101010
11110110
1111110000000
1000100000
1010010000
1010101000
1101101000
11111000
1010000
1101000
1110100
111101100
1110100000
111101000100
1100010100000
111001010100000
101010100001000000
10101010001001010000
1100101010101000010100
101010101010000101010000000
10101010101000010101010010000
10101010101000101010101010000
