(10101010101000101010101010000)
1111111111111111111111111111111111111111111111111111111111111000
1010
1110000000000
11101010000000
1111110000000
100000100000
11000010000
1100011000
11101011000
1111111000
1010000
111000
1111010
1110000000
11101010000
1111110000
100100000
1010100100
111100100
1111101100
11101000000
1111100000
10001000000
1100100000
11010100100
1111100100
10101000000
1110100000
111110000
1001000000
110100000
11110000
10010000000
101010010000
11110010000
111110100100
1100101000000
111001100000
1111010001100
11111011100010
111100011000000
1111001010011000
11110010101000000000100
111100101010000001010100
101010100000010101010000000
1010101010100001010101000000
10101010101000101010101010000
