(101000101000010100010100000)
1111111111111111111111111111111111111111111111111111111111100000
10001000
100100100
1010010100
11001010100
1010101010
11010101100
1101011010
110110110
11101110
111110000000
100000100000
1001000010000
10100100010000
110010001000100
10101010001000
110100010001100
11010100100010
1101101001000
111010010010
111100100
1111010010
11111010100
11010100000
1101000010
110110000
11101000
11100
110000000
10100000
110010000
10101000
110011000
11010100
1101010
11101100
1111010
111000000
110000
10100
110100
1110100
11110100
111110100
110100000
11010000
1101000
1101101000
1101101101000
11101101100100
111011011010010
1110110111010100
11101101110110010
1111011011101010
11110110111101100
1111101101111010
1111011100000110
1111011100010001110
11110111001001001110
111101110100101001110
1111011101001100101110
111101110101010101110
1111011101100110101110
111101110110101101110
11110111101110110110
1111011110111101110
111110111011111000000
111110111100000100000
111110000010000100000
100001000010000100000
101000101000010000100000
101000101000010100010100000
