(110100010011010000100)
1111111111111111111111111111111111111111111111111111111111111000
1010
11100000000000
111010100000000
11111100000000
10000001000000
1100000100000
110000110000
1101010110000
111110110000
1111101101010
111110111110
11111110000000
100000100000
11000010000
1100011000
11101011000
1111111000
10100000
1110000
11110100
111110110
11110000000
111101010000
11111110000
100100000
11010000
1111000
11111010
1110000000
11110100000
110000100000000
1101010000010000
111110000100000
10001000010000000
101001000010001000
11100100010000100
111001010110000100
11111001110010000
111111011110010000
111110010001000000
1111110110001000000
1110001000001000000
11101010001000001000
1111110001000001000
1001000001001000000
11010000100100000100
110100010011010000100
