(11011010101010000101010100100100010)
1111111111111111111111111111111111111111111111111111111111111000
1010
1110000000
11101010000
1111110000
100100
1101100
11101110
1111100000
10001000
110101000
11111000
101000
11100
1100000
11010100
1111100
11000
111010
11100000
111101000
110010000
1110100100
11110110010
11100110000
111101110000
111100010000
100100010000
11001001000
110110011000
1110111011000
111100011100000
111001000010000
1111011000010000
1110000100010000
11110100100010000
11001000100010000
111010010001000100
1111011000100010010
1110001000100110000
110010001001000001000
1100100010010010101000
111001000100100101010100000000
1110010100001010101001001000100
101010100100100010100000101010000
1010101010010100010010010101010000
11011010101010000101010100100100010
