(11011010101010000101010100100100010)
1111111111111111111111111111111111111111111111111111111111100000
10001000
100100100
1010010100
11001010100
1010101010
11010101100
1101011010
110110110
11101110
111110000000
100000100000
1001000010000
10100100010000
110010001000100
10101010001000
110100010001100
11010100100010
1101101001000
111010010010
111100100
1111010010
11111010100
11010100000
1101000010
110110000
11101000
11100
110000000
10100000
110010000
10101000
110100100
1101010010
11011010100
110110110100
11101101010
111011101100
11110111010
111110111100
111110100000
110000100000
10100010000
101001001000
1010010100100
10101001010100
110100101010100
1101010010110100
11101001010110100
111100101101010100
11010101010000001010
11010110101010100001000
11101011010101010000101000
11110101101010101000010101000
1101101010101000010101001000000
11011010101010000101010100100000
11011010101010000101010100100100010
