(11010001001100000)
1111111111111111111111111111111111111111111111111111111111110000
100100
101010
110110
11110000000
100000100000
101000010000
110100010000
1110001000
1110010100
1110101100
11101110
11111000000
1000010000
1010001000
1101001000
11100100
11101010
11110110
1111110000000
1000100000
1010010000
1010101000
1101101000
11111000
1010000
101010100
110101010
111011010
111101110
111111000000
100010000
101001000
110101000
111011000
11101110100
11110011000000
110100000100000
11010001001100000
