(110100010011010000100)
1111111111111111111111111111111111111111111111111111111111100000
10001000
100100100
1010010100
11001010100
1010101010
11010101100
1101011010
110110110
11101110
111110000000
100000100000
1001000010000
10100100010000
110010001000100
10101010001000
110100010001100
11010100100010
1101101001000
111010010010
111100100
1111010010
11111010100
11010100000
1101000010
110110000
11101000
11100
110000000
10100000
110010000
10101000
110011000
11010100
1101010
11101100
1111010
111000000
110000
10100
110100
1110100
11110100
111110100
110100000
11010000
1101000
11100100
111010010
1111010100
11110110010
1111101010
1101100000
111010000
1111001000
11110100100
111110010100
101010100000
1101000001100
110101000010
11011010000
1110100010
1111000
101000000
1100100000
101010000
1100110000
110101000
1101100100
11011010010
111011010100
1110110110010
111011101010
1111011101100
111101111010
1111101111100
1111110100000
11000010000
1010001000
11001001000
1010100100
11001100100
1101010100
11010110100
111010110100
1110101110100
11110100111100
1111010000001100
11111001100000100
11010000010100000
110100001001100000
110100010011010000100
