(11011010101010000101010100100100010)
1111111111111111111111111111111111111111111111111111111111110000
100100
101010
110110
1111000000000
111100100100000
111101010100000
111101101100000
1111111100000
10001000
10100100
10101010
11011010
11101110
1111100000000
10000001000000
10100000100000
11010000100000
111000010000
111000101000
111001011000
111010111000
11110101110100
11110101111010
11111011111010
111111011000000
11100000100000
1111001000100000
111110011000100000
1101000000100001000
1110100000100001000
1111010000100001000
1111101000100001000
11000100001001000000
11000100001010100000
11010000110001000010
11101000100011000010
1100010001100001100000000
110010010000110001000110000
110101010000110001000110000
110110110000110001000110000
1111110000110001000110000
110001000110001000001000
11010011000110001000001000
11101011000110001000001000
1110101101001110001000001000
1110101110101110001000001000
1111011110101110001000001000
1111101111000100000100011110
11111000100000100011111000000
111110001000001001000000100000
111110001000001001000001010000
1010001000000100100000100100000
1010100000100100000101000100000
1010100001010100000101000100000
101010010010101000100000101010000
101010101010101000100000101010000
110110101010100001010100000100010
11011010101010000101010100100100010
