(110100010011010000100)
1111111111111111111111111111111111111111111111111111111111111000
1010
1110000000000
11101010000000
1111110000000
100000100000
11000010000
1100011000
11101011000
1111111000
1010000
111000
1111010
1110000000
11101010000
1111110000
100100000
1010100100
111100100
1111101100
11101000000
1111100000
10001000000
1100100000
11010100100
1111100100
10101000000
1110100000
111110000
1001000000
110100000
11110000
111110100
1101000000
111100000
1111101000
11001000000
110010101000
11110011000
111101011100
11111111100
1111111111100000000000
11000000000
110001010000
11100110000
111101001100
1111101110010
11110011000000
111110111000000
1111000001000000
11111010001000000
110001000001000000
1101010001000001000
111110001000001000
1001000001001000000
11010000100100000100
110100010011010000100
