(111010100001101010001000010)
1111111111111111111111111111111111111111111111111111111111100000
10001000
100100100
1010010100
11001010100
1010101010
11010101100
1101011010
110110110
11101110
111110000
100100
1010100
11010100
110110100
11101010
110110000
11101000
11100
110000
10100
110100
1110100
11010000
1101000
11100100
101010000
1100110000
110101000
11010010
1101100
111010
1110000
1100
11110000000
1000100000
10010010000
101001010000
1100101010000
11010011010000
111001011010000
1110100111010000
11101010000110000
111010100001101000000010
111010100001101010001000010
