(111010100001101010001000010)
1111111111111111111111111111111111111111111111111111111111110000
100100
101010
110110
1111000000000
111100100100000
111101010100000
111101101100000
1111111100000
10001000
10100100
11010100
111010
11100000000
1111001000000
111110011000000
1101000000100000
1110100000100000
1111010000100000
1111101000100000
11000100001000000
11000100010100000
1101001100010100000
1110101100010100000
1111011100010100000
111101111001010100000
11111011110000010101100
111110000010101101000000
1101010000100000010000010
110101000010100100010000010
110101000100000101101010000
111010100001101010001000010
