(111100110100010011000010000)
1111111111111111111111111111111111111111111111111111111111100000
10001000
100100100
1010010100
11001010100
1010101010
11010101100
1101011010
110110110
11101110
11111000000
1000010000
10010001000
101001001000
1100100100100
101010100100
1101001001100
110101010010
11011010100
1110101010
1111010
11100000
11000
1010
11100000000
11000000
1010000
11001000
1010100
11010100
110110100
11101010
111101100
11111010
1110000
1100
110000000
111000100000
100100001000000
1010010000010000
10101001000010000
110100001000010100
1101001100001000010
11101000010000110100
111010011100001000010
1111010000100001110100
11101010000011000010000
111100110000011000010000
111100110100010011000010000
