(111100110100010011000010000)
1111111111111111111111111111111111111111111111111111111111111000
1010
1110000000000
11101010000000
1111110000000
100000100000
11000010000
1100011000
11101011000
1111111000
1010000
111000
1111010
1110000000
11101010000
1111110000
100100000
1010100100
111100100
1111101100
11101000000
1111100000
10001000000
1100100000
11010100100
1111100100
10101000000
1110100000
111110000
1001000000
110100000
11110000
111110100
1101000000
111100000
1111101000
11001000000
110101000100
11111001000
101001000000
1010101001000
111101001000
110010010000000
1101010000100100
111110010010000
1010010001000000
111001000100000
1110010001101000
111100111001000
1111101111001000
11111001001000000
101001000001000000
11100100000100000
111001000101100000
11110010011100000
111110110011100000
1110011100001000000
11110100100000011100
111110111100000010010
1111100000011001000000
11001000001000000100000
110010000010001010100000
11110001000001001100000
11001000001001000000010000
110010000010010101000010000
11110010000010011000010000
111100110100010011000010000
