(11111110110100100011010010000000111000000)
1111111111111111111111111111111111111111111111111111111111110000
100100
101010
110110
11110000000
100000100000
101000010000
110100010000
1110001000
1110010100
1110101100
11101110
11111000000
1000010000
1010001000
1101001000
11100100
11101010
11110110
1111110000000
1000100000
1010010000
1010101000
1101101000
11111000
1010000
1101000
11100
11000000
110000
1100
110000000
11010010000
1101100110000
111011000011100
11110110000111100
111101000001110000
111110100001110000
11100010000110000
1110001010010110000
1110101010001110000
1110001010110000001000
111000101011000100101000
111000110101000110101000
11101001101011000101011000
11110101101011000101011000
1111010110101100010101110010
1111101011101010001101011010
1111110111010110001010111010
1111110111010110001011000000110
111111011101011000101100010010110
111111101101001000110100011011000000
11111110110100100011010010000000111000000
