(11111110110100100011010010000000111000000)
1111111111111111111111111111111111111111111111111111111111100000
10001000
100100100
1010010100
11001010100
1010101010
11010101100
1101011010
110110110
11101110
111110000
100100
1010100
11010100
110110100
11101010
110110000
11101000
11100
110000
10100
110100
1110100
11110100
111110100
11111101000000
11111101000100010
111111010010010010
1111110101001010010
11111101010100110010
11111101010101000001010
111111010101100100001010
1111110110011100100001010
11111101101000010100001010
11111101101001000110100001010
1111111011010010001101000011000000
11111110110100100011010010000000111000000
