(111010100001101010001000010)
1111111111111111111111111111111111111111111111111111111111100000
10001000
100100100
1010010100
11001010100
1010101010
11010101100
1101011010
110110110
11101110
11111000000
1000010000
10010001000
101001001000
1100100100100
101010100100
1101001001100
110101010010
11011010100
1110101010
1111010
11100000
11000
11101000
111100100
1010100000
11001100000
1101010000
110100010
11011000
1110100
11110100
110100000
11010000
1101000
110100
11010
1110000000
1100000
101000
1100100
101010000000
101010100010000
1101010000100100
11010100001010010
110101001100001010
1110101000011001100
111010100001101000000010
111010100001101010001000010
