(11111110110100100011010010000000111000000)
1111111111111111111111111111111111111111111111111111111111111000
1010
11100000000000
111010100000000
11111100000000
10000001000000
1100000100000
110000110000
1101010110000
111110110000
1111101101010
111110111110
11111110000000
100000100000
11000010000
1100011000
11101011000
1111111000
10100000
1110000
11110100
111110110
11110000000
111110100000
1111110100010
1100011000000
110010000000000100000
1100100010100000100000
111001001100000100000
1110010011000001101000
111100111001001100000
1111101000110010011100
11111101111001001100010
11111001001100011000000
111111011001100011000000
111001100011000001000000
1111010000100000110001100
11111011100011000001000010
1111000110000010000110000000
11111010000011000010000011000
1100100000001100000110000100000
11001010100001100000110000100000
1111001100000100001100000110000
11111010011000001100001000001100
111111011100000100001100000110010
111100000100001100000110011000000
1111000010111001100000110000100000
111110011000001100001000001111000
1111100110001011100001000001111000
111110011001111100011110000010000
1111110111001111100011110000010000
1111100111100000010001000001111000
11111101111100000010001000001111000
11111100000010011110000010001000000
111111000000100111100010110001000000
1111110000001101111100010110001000000
11111100101001000110100011111011000000
111111101101001000110100011111011000000
11111110110100100011010010000000111000000
