(11111110110100100011010010000000111000000)
1111111111111111111111111111111111111111111111111111111111111000
1010
1110000000
11101010000
1111110000
100100
11010
11110000000
10000100000
110100010000
1110100100010
110010001100000
1110100011000100
11110110001100010
11100011000110000
111101001100011000
110011000110010000
1110110000110011000
11110001100110001000000
111100101001000110011000
1111001010010001101000000100
11110010101000101100010010100
111110110100100011010001010100
1111110110101000101100010010110
11111110110100100011010001011000000
11111110110100100011010010000000111000000
