(111010100001101010001000010)
1111111111111111111111111111111111111111111111111111111111111000
1010
11100000000000
111010100000000
11111100000000
10000001000000
1100000100000
110000110000
1101010110000
111110110000
1111101101010
111110111110
11111110000000
100000100000
11000010000
1100011000
11101011000
1111111000
10100000
1110000
11110100
111110110
11110000000
111101010000
11111110000
100100000
11010000
1111000
11111010
1110000000
11101010000
1111110000
1001000000
110100000
11110000
111110100
11010000000
110100010100
11101101000
111011011010
11111110110
111100000
1111010100
111111100
1100000
11010100
1111100
110000000
1110100000
1100001000000000
11000101000010000
1110011000010000
11110111000010000
111100001000100000000
1111101000000100010000
110000001000100010000000
1101010000100010001000000
11010100010000001101010000
111010100001101010001000010
