(11111110110100100011010010000000111000000)
1111111111111111111111111111111111111111111111111111111111111000
1010
1110000000000
11101010000000
1111110000000
100000100000
11000010000
1100011000
11101011000
1111111000
1010000
111000
1111010
1110000000
11101010000
1111110000
100100000
11010000
110101010
11110110
11110000000
111101010000
11111110000
10010000
1101000
111100
11111100000000000
1000001000000000
10100100000100000
110110100000100000
1110000010000011000000000
11100000101001100000100000
1110011000001000001110000
111001100000100001000000001000
1110011000001000010000001011000
111100011100110000010000100000
1111000111001100010110000100000
111100110011100011110000010000
1111101110011100011110000010000
11110011100011110000010001000000
111100111000111100000100010010100
1111001110001111000101100010010100
11110101111001111001010010001101000
111110111110101111000101100010010100
1111110010100100011010001111011000000
11111110110100100011010001111011000000
11111110110100100011010010000000111000000
