(11111110110100100011010010000000111000000)
1111111111111111111111111111111111111111111111111111111111110000
100100
101010
110110
1111000000000
111100100100000
111101010100000
111101101100000
1111111100000
10001000
10100100
10101010
11011010
11101110
1111100000000
10000001000000
10100000100000
11010000100000
111000010000
111000101000
111001011000
111010111000
11110101110100
11110101111010
11111011111010
111111011000000
11100000100000
11100001010000
11100010110000
1110100110110000
1111010110110000
1111101110110000
11110110001000000
1111101100010000100
11100010000101000000
11100010000110100000
11101000011100010000
11110100011100010000
1111010010100011100010
1111101010100011100010
11100011000000110101000
1110001100010010110101000
1110101000111000110001010
1111011000110001110001010
1111101100011100011000110
11100011100011000111000000
1110100100011100011000111000
1111010100011100011000111000
111101010001110001101001111000
111101011100011100010101111000
11110101110100111100010101111000
11110101111010111100011110101000
1111101010001111010111101011110100
1111101011111010111101011110001010
1111110111110101111000101011111010
11111101111101011110001011000000110
111111101100000011010001111011000000
11111110110100100011010001111011000000
11111110110100100011010010000000111000000
