(11111110110100100011010010000000111000000)
1111111111111111111111111111111111111111111111111111111111100000
10001000
100100100
1010010100
11001010100
1010101010
11010101100
1101011010
110110110
11101110
111110000000
100000100000
1001000010000
10100100010000
110010001000100
10101010001000
110100010001100
11010100100010
1101101001000
111010010010
111100100
1111010010
11111010100
11010100000
1101000010
110110000
11101000
11100
110000000
10100000
10101001000
101010100100
1010101010100
11010101010100
110101010110100
11010101101010
111010101101100
11101011101010
111101011101100
11110101111010
111110101111100
111110110000010
11111101000010
11111101010001010
111111011001001010
1111110110010100110
11111101101001100110
111111011100101100110
1111110111010011100110
11111101111001011100110
111111011110100111100110
11111101111010100000010110
1111111011010000001011000000
1111111011010000100011011000000
1111111011010000101000111011000000
1111111011010010001101000111011000000
11111110110100100011010010000000111000000
