(111010100001101010001000010)
1111111111111111111111111111111111111111111111111111111111100000
10001000
100100100
1010010100
11001010100
1010101010
11010101100
1101011010
110110110
11101110
11111000
1010
11100000
11000
1010000
11001000
1010100
11010100
110110100
11101010
11011000
1110100
1101000
110100
11010
1110000
1100
110000
10100
110100000
11000010000
1000100010000
10010010001000
100100100100100
1010010100100100
10101001010010100
110010101001010100
1101001100101010100
11010100110010110100
111010011010100110100
11101001101010100001100
1110100110101010001000010
111010100001101010001000010
