(3,3,2)
1111111111111111111111111111111111111111111111111111111111110000
100100
11001100
110110
111100000000000
11110010010000000
11110101010000000
11110110110000000
111111110000000
100000100000
101000010000
101000101000
110100101000
110101011000
111011011000
1111111000
101000000
110100000
111010000
111101000
111110100
110100000000
111010000000
111101000000
111110100000
111111010000
111111101000
11001000000
11010100000
11011010000
111110000
11111100100
101010000000
110100000010
1111000000
111101001000
111110101000
111111011000
1110010000000
1110101000000
1110110100000
11111100000
100010000000
101001000000
110100000100
1110100000
1111010000
1111101000
1111110100
11010000000
11101000000
11110100000
11111010000
11111101000
110010000000
1101000000
11100000
1110100100
1111010100
1111101100
1110100000000
1111010000000
1111101000000
1111110100000
11000010000000
110001000000
11000101001000
1101001100101000
1110101100101000
111010110010110010
111010110101110100
111101011101011010
111101110101111010
111110111101111010
111111011111011110
1111110111110000000
11111100000010000000
100000100000010000000
101000001000001000000
110100000100000100000
1110000100000100000
111001001100000100000
111010101100000100000
111011011100000100000
1111111100000100000
1000010000100000
1010001000010000
1010001010001000
