(3,3,3)
1111111111111111111111111111111111111111111111111111111111110000
100100
101010
110110000000000
1111000000000
111100100100000
111101010100000
111101101100000
1111111100000
10001000
1100101000
1101011000
111010110100
111010111010
111101111010
111110111110
1111111000000
1000010000
101001010000
110101010000
110110110000
1111110000
100100000
101010000
110100010
1111000
111110100
1101000000
1110100000
1111010000
1111101000
11001000000
11010100000
11011010000
111110000
1001000000
1010100000
1101100000
11110000
10010000000
10101000000
1010101001000
110101010010100
110101101010100
110101101011010
111011101011010
111101110101110
111101111011110
111110111110000000
1111110000001000000
100000100000100000
101000010000010000
101000101000010000
101000101000101000
