(3,3,2)
1111111111111111111111111111111111111111111111111111111111110000
100100
101010
110110000000000
1111000000000
111100100100000
111101010100000
111101101100000
1111111100000
10001000
1100101000
110100110100
111010110100
111010111010
111101111010
111110111110
1111111000000
1000010000
101001010000
110101010000
110110110000
1111110000
100100000
101010000
110100010
1111000
111110100
1101000000
1110100000
1111010000
1111101000
1111110100
110100000
111010000
11101010010
11110101010
11111011010
11111101110
1111111100000000
10001000000
1010010001000
1101010001000
110101000110010
111010110001010
11101011010011010
11101011101011010
11110111010111010
11110111101111010
11111011111011110
111111011111000000
11111100000100000
1000010000100000
1010001000010000
1010001010001000
