(3,3,3)
1111111111111111111111111111111111111111111111111111111111111000
101000000000000
11100000000000
111010100000000
11111100000000
10000001000000
1100000100000
110000110000
1101010110000
111110110000
1111101101010
111110111110
11111110000000
100000100000
11000010000
110101010000
11110110000
111101101010
11111110110
111100000
1111010100
111111100
111111111000000000000
100010000000000
1010000100010000
111000100010000
1110101100010000
111111100010000
1001000100000
10101001000100
1111001000100
10100010100000000
101000101000101000
