(3,3,3)
1111111111111111111111111111111111111111111111111111111111110000
100100
101010
110110000000000000
1111000000000000
111100100100000000
111101010100000000
111101101100000000
1111111100000000
10000001000000
10100000100000
10100001010000
11010001010000
11010010110000
11101010110000
11101101110000
111111110000
1001000000
101001000100
110101000100
111011000100
11110110001100
1111101100011100
11101000000000111000
11110100000000111000
11111010000000111000
1111101001111000000010
1111110101111000000010
1111111011111000000010
1111110000000110000000
110000001000000001000000
110000010100000001000000
110100000010000001100000
1110000110000001000000
111001001110000001000000
111010101110000001000000
111101101110000001000000
1111111110000001000000
100000100000100000
101000010000010000
101000101000010000
101000101000101000
