(3,3,2)
1111111111111111111111111111111111111111111111111111111111111000
1010
1110000000000000
11100010100000000
1110001110000000
11110101110000000
1111111110000000
100000100000
11000010000
1100011000
11101011000
1111111000
1010000000
111000000
1110101000
11101011010
1111111010
1110000000
11110100000
1111110000
11111110100
11010000000
110100010100
11101101000
111011011010
11111110110
11110000000
111101010000
11111110000
10010000000
1101000000
111100000
1111010100
111111100
110000000
1101010000
111110000
1001000000000
10100010010000
1110001001000
11101011001000
1111111001000
1010010000000
111001000000
1110101000100
111111001000
1111111011000
1110010000000
11101010000100
1111110010000
101000100000000
1010001010001000
