(4,4,3)
1111111111111111111111111111111111111111111111111111111111111000
101000000000000000
11100000000000000
111000010100000000
11100011100000000
111101011100000000
11111111100000000
10000001000000
1100000100000
110000110000
1101010110000
111110110000
1111101101010
111111110110
11110000000
111101010000
11111110000
100100000000
11010000000
110101010000
11110110000
111110110010
11111110110
1111111110000000000000
1000000100000000000
10100010000001000000
101010001010000001000
1010100010101000101000
