(4,4,3)
1111111111111111111111111111111111111111111111111111111111100000
10001000
100100100
1010010100
11001010100
110011001100
11010101100
11101010111000
11101011100
111100111100
111101000000010
1111101000000100
11000000101000000
1010000010100000
11001000010100000
1010100001010000
11001100001010000
1101010001010000
110100010100010
11011000101000
1110100101000
1110010100
1101010
11101100
1111010
1110000000
1100000
101000
1100100
101010
1101100
111010
11100000000
11000000
1010000
11001000
110100100
1101010010
11011010100
1110101010
11101100110
1111011010
111110110
1111111000000000
1000010000000
1010001000010000
1010001010001010000
1010100010101000101000
