(4,4,4)
1111111111111111111111111111111111111111111111111111111111100000
10001000
11000101000
1010010100
11001010100
110100110100
11010101100
111001101100
11101011100
111100111100
111101000000010
1111101000000100
11000000101000000
1010000010100000
11001000010100000
1010100001010000
11001100001010000
1101010001010000
110100010100010
11011000101000
1110100101000
1110010100
1101010
11101100
1111010
1110000000
1100000
101000
1100100
11010010
111010100
11010100000000
110110010000000
1101101001000000
11011010100100000
110110110010100000
11101100000101010
111011001100000110
11101101010000110
1111011010000110
111110110000110
111110110100010110
1111101110010010110
11111011100101001110
111110111010011001110
11111011101010101110
111110111011001101110
11111011110101101110
1111101111011011110
111110111110111110
1111110111111000000
111111100000100000
100001000010000
101000101000010000
101010001010000101000
101010001010100010101000
