(4,4,3)
1111111111111111111111111111111111111111111111111111111111110000
100100
101010
11011000000000000
111100000000000
11110100100000000
11110101010000000
11110110110000000
111111110000000
100000100000
101000010000
101000101000
110100101000
110101011000
111011011000
1111111000
101000000
110100000
111010000
111101000
111110100
110100000000
111010000000
111101000000
111110100000
111111010000
111111101000
11001000000
11010100000
11101100000
111110000
11111100100
101010000000
110100000010
1111000000
111100100100
111101010100
111101101100
1111111100
1100000
11000
1110100
111101100
11111011100
1111110111100
11111010000000
11111101000000
11111110100000
1100001000000
11000100000
1110010001000
111100101000100
10101000101000000000
1010100010100001001000
1010100010101000101000
