(4,4,4)
1111111111111111111111111111111111111111111111111111111111111000
101000000000000000
11100000000000000
111000101000000000
11100011100000000
111101011100000000
11111111100000000
10000001000000
1100000100000
110000110000
1101010110000
111110110000
1111101101010
111111110110
11110000000
111101010000
11111110000
100100000000
1010100100000
111100100000
1111101100000
111000010000000000
1110101000000010000
111111000010000000
100010000001000000000
1010100000010001000000
10101000101010001000000
101010001010100010101000
