(4,4,4)
1111111111111111111111111111111111111111111111111111111111110000
100100
101010
11011000000000000
111100000000000
11110010010000000
11110101010000000
11110110110000000
111111110000000
100000100000
101000010000
101000101000
110100101000
110101011000
111011011000
1111111000
101000000
110100000
111010000
111101000
111110100
111111010
11111111000000000000
10000010000000000
1001000100000100000
1010100010000010000
1101000100000100010
11110001000001000
11110010100001000
11110010100010100
1010100010101000000000
101010001010100010010000
101010001010100010101000
