(4,4,4)
1111111111111111111111111111111111111111111111111111111111110000
100100
101010
110110
1111000000
1000010000
1010001000
1101001000
11100100
11101010
11110110
111111000000
10010000
10101000
11010010
111100
110000
1100
111100000000
100001000000
11001000010000
1110011000010000
110100000100010000
111010000100010000
111101000100010000
110001000100010000
11010011000100010000
11101011000100010000
11110111000100010000
11110001000100010000
10010001000100010000
10101000100010001000
1100101010100010001000
1101011010100010001000
1110110001000100011010
1111011100010001000110
1111000100010001110000
1110001000100100001000
100100010010000100100000
101010000100100010010000
101010001010100010010000
101010001010100010101000
