(5,5,5)
1111111111111111111111111111111111111111111111111111111111111000
10100000000000000
1110000000000000
11100001010000000
1110001110000000
11110101110000000
1111111110000000
100000100000
11000010000
1100011000
11101011000
1111111000
1010000000
111000000
1110101000
111111000
1111111010
1110000000
11101010000
1111110000
100100000000
1010001001000
111001001000
1110101100100
111111100100
101010000000
11101000000
1111100000
11111010100
1111111100
11000000
110101000
11111000
111111010
11100000000
111000101000
11100111000
111101011100
11111111100
1100000
11010100
1111100
11000000000
110001010000
11100110000
111010101100
11111101100
1110100000000
11101000010100
1110100011100
11101101011100
1111111011100
1111010000000
111111000000
1111110101000
111111111000
10100000
1110000
11110100
111110110
1111000000000
11111010000000
110000001000000000
1101010000001000000
111110000001000000
1111110100001000000
110000100000100000000
1100001010010000010000
111001000001000011000
1110101110010000010000
111111110010000010000
1010000010001000000
111000001000100000
10001000010000000000010000
101000100001000100001000000
1010101000100001000100001000
10101010001010101000100001000
101010100010101010001010101000
