(5,5,5)
1111111111111111111111111111111111111111111111111111111111111000
1010
11100000000000000
111000010100000000
11100011100000000
111101011100000000
11111111100000000
10000001000000
1100000100000
110000110000
1101010110000
111110110000
1111101101010
111111110110
11110000000
111101010000
11111110000
100100000000
1010010010000
111001001000
1110101100100
111111100100
1010100000000
111010000000
11111000000
111111010000
110001000000000
11001100000000
110101000001100
11111001100000
1101000000000010000
111100001000000000
1111101000000010000
111111100001000000
1000100000100000000
10101000001000100000
1111000001000100000
10001000010000000000010000
101000100001000100001000000
1010101000100001000100001000
10101010001010101000100001000
101010100010101010001010101000
