(5,5,4)
1111111111111111111111111111111111111111111111111111111111111000
10100000000000000
1110000000000000
11100001010000000
1110001110000000
11110101110000000
1111111110000000
100000100000
11000010000
1100011000
11101011000
1111111000
1010000000
111000000
1110101000
111111000
1111111010
1110000000
11101010000
1111110000
11111110100
11010000000
110100010100
11101101000
111011011010
11111110110
11110000000
111101010000
11111110000
10010000000
1101000000
11010101000
1111011000
11111001000000000000
111110010001010000000
1010001010000001000000000
10101000000101000101000000
101010100010101000000101000
1010101000101010100010101000
