(5,5,4)
1111111111111111111111111111111111111111111111111111111111111000
101000000000000000
11100000000000000
111000101000000000
11100011100000000
111101011100000000
11111111100000000
10000001000000
1100000100000
110000110000
1101010110000
111110110000
1111101101010
111111110110
11110000000
111110100000
11111110000
100100000000
11010000000
110100010100
11101101000
111011011010
11111110110
111100000000
1111000101000
111100111000
1111010111100
111111111100
1100000
11101000
1111100
110000000000
1100001010000
111000110000
1110100111000
111110111000
111111001000000000000
1111110010001010000000
1010001010000001000000000
10101000000101000101000000
101010100010101000000101000
1010101000101010100010101000
