(6,6,6)
1111111111111111111111111111111111111111111111111111111111110000
100100
101010
1101100000000000
11110000000000
1111001001000000
1111010101000000
1111011011000000
11111111000000
1000010000
1010001000
1101001000
11100100
11101010
11110110
1111110000000000
1000000100000000
101001000001000000
110101000001000000
111011000001000000
111000001000001000000000
11100001001000100000100000
11100010101000100000100000
1111001000100000100010101000
111110010101010001000001000100
10101010100010000010001010000000
1010101010001000001000101010010000
1010101010001010101010001000001000
101010101000101010101000101001001000
101010101000101010101000101010101000
