(6,6,6)
1111111111111111111111111111111111111111111111111111111111110000
100100
101010
110110000000000000
1111000000000000
111100010010000000
111100101010000000
111100110110000000
1111001111000000
111100111100100100
111101010100111100
111101011010111100
111110111010111100
111110111101111100
11111101111011111100
1111110111110000000010
1111111011111000000010
1111110000000110000000
110000001000000001000000
110000010100000001000000
110100000010000001100000
1110000110000001000000
111001001110000001000000
111010101110000001000000
111101101110000001000000
1111111110000001000000
100000100000100000
11001000100000100000
1110010001000001000100
101000100000100010100000000000
10100100100000001010001000001000
10101010100010000010001010000000
1010101010001000001000101010010000
1010101010001010101010001000001000
101010101000101010101000101001001000
101010101000101010101000101010101000
