(6,6,5)
1111111111111111111111111111111111111111111111111111111111111000
101000000000000000
11100000000000000
111000010100000000
11100011100000000
111101011100000000
11111111100000000
10000001000000
1100000100000
110000110000
1101010110000
111110110000
1111101101010
111111110110
11110000000
111101010000
11111110000
100100000000
1010001001000
111001001000
1110101100100
111111100100
1010100000000
111010000000
11111000000
111111010000
110001000000000
1101010000001000
111110001000000
10010000010000000000
101010010000010000000
1101101010000000100000
111110110000010000000
11100000100000010000000000
111010100000001000000100000
11111100000100000010000000
10000100000010000001000000000
101010000001000010000001000000
1010100010101000000100001000000
10101010000001010100010101000000
101010101000101010100000010101000
1010101010001010101010001010101000
