(6,6,6)
1111111111111111111111111111111111111111111111111111111111111000
101000000000000000
11100000000000000
111000101000000000
11100011100000000
111101011100000000
11111111100000000
10000001000000
1100000100000
110000110000
1101010110000
111110110000
1111101101010
111111110110
11110000000
111101010000
11111110000
100100000000
11010000000
110100010100
11101101000
111011011010
11111110110
111100000000
1111101000000
111111100000
1000100000000
110010000000
11011000000
110110101000
11111011000
1110010000000000
11110100000000100
1111110010000000
1010000001000000000
111000000100000000
1110101000001000000
111111000001000000
100001000001000000000
1010001000001000010000
111000100001000001000
1110101100000100001000
111111100010000100000
1001000010000100000000
11010000001001000010000
1111000010000100100000
10010000100010000000000010000
1100010010000100010000000000
11000100100001000100001010000
110101100100001000100001010000
11111100100001000100001010000
10100010000000001010000100010000
101000101000010001010000100010000
1010101010001000010100010100001000
10101010100010101010100010100001000
101010101000101010101000101010101000
