(6,6,6)
1111111111111111111111111111111111111111111111111111111111110000
100100
11001100
110110
1111000000
1000010000
1010001000
1101001000
1110101000
1111011000
1110010000
101000100000
110100001000
111010001000
11000100100000
1110000010010100000000
111000010010010100100000
111000010100000001010100100000
111000010101010100000001010000
11100001010101010000100101010000
11100001010101010001010101010000
1010101010001010101010001000001000
101010101000101010101000101001001000
101010101000101010101000101010101000
