(6,6,6)
1111111111111111111111111111111111111111111111111111111111100000
10001000
100100100
1010010100
11001010100
110100110100
11010101100
111001101100
11101011100
111100111100
111101000000010
1111101000000100
11000000101000000
1010000010100000
11001000010100000
1010100001010000
11001100001010000
1101010001010000
110100010100010
11011000101000
1110100101000
1110010100
1101010
11101100
1111010
1110000000
1100000
101000
1100100
101010
1101100
111010
11100000000
11000000
1010000
11001000
1010100
11010100
111001100
11101010
111101100
11111010
111000000
110000
10100
11011000
11101101000
111011100100
1110111010010
11110111010100
111101111001100
11110111101010
111110111101100
11111011111010
111111011000000
11100000100000
11000010000
110001001000
10100100100
101010010100
1100101010100
101010101010
1101010101100
11100110101100
1101011010000000010
11101011010000000100
111010111001000000100
1111001111001000000100
11110100100000100111100
111110011110010000010100
1111010000001010100000100
11111001000001010100000100
101010000010100000010100000
1100100000101000001010100000
101010000101010000010100000
1100100001010100001010100000
101010000101010000101010000
101010100010101010000101010000
101010101000101010100001010101000
101010101000101010101000101010101000
