(6,6,5)
1111111111111111111111111111111111111111111111111111111111111000
10100000000000000
1110000000000000
11100001010000000
1110001110000000
11110101110000000
1111111110000000
100000100000
11000010000
1100011000
11101011000
1111111000
1010000000
10100101000
1110101000
111111000
1111111010
1110000000
11101010000
1111110000
100100000000
1010001001000
111001001000
1110101100100
111111100100
101010000000
11101000000
1111100000
11111101000
1111111100
11000000
111010000
11111000
111111010
11100000000
111010100000
11101110000
111011101010
11111101110
1111111100000000000
10000001000000000
101000100000010000
11100010000001000
111010110000001000
11111110001000000
10010000010000000
101001000001001000
11100100100000100
111101100000100100
1111101100100000110
11100100000111000000000
111010100000011100000100
11111100100000111000000
111111001000101111000000
11111100100111111000000
111111101100111111000000
111111001110000000100000
1111111011110000000100000
1111100000001000010000000
10000100000010000000001000000
101010000001000010000001000000
1010100010101000000100001000000
10101010000001010100010101000000
101010101000101010100000010101000
1010101010001010101010001010101000
