(6,6,5)
1111111111111111111111111111111111111111111111111111111111100000
10001000
11000101000
1010010100
11001010100
110011001100
11010101100
1101011010
11101011100
111100111100
111101000000010
1111101000000100
11000000101000000
1010000010100000
11001000010100000
1010100001010000
11001100001010000
1101010001010000
110100010100010
11011000101000
1110100101000
1110010100
1101010
11101100
1111010
1110000000
1100000
1101000100
110101000
11010010
111010100
1111001100
111101010
1111101100
111111010
11100000
11000
1010
1110000000000
1100000000
101000000
1100100000
101010000
101010101000
1101010100100
11010101010010
110101011010100
11010110101010
111010110101100
1110101110011100
11110011110011100
11110100000001011100
111110011101000000100
1110100000010100000010
11110100000010100000100
111101001000010100000010
1111101000000101000010100
11000000101010000101000000
1010100001010000010100000
11001000010100001010100000
1010100001010100001010000
1010101000101010000101010000
1010101000101010100010101010000
1010101010001010101010001010101000
