(7,7,7)
1111111111111111111111111111111111111111111111111111111111111000
1010
1110000000000000
11100010100000000
1110001110000000
11110101110000000
1111111110000000
100000100000
11000010000
1100011000
11101011000
1111111000
1010000000
111000000
1111010000
11111010010
1111111010
1110000000
11101010000
1111110000
100100000000
1010010010000
111001001000
1110101100100
111111100100
101010000000
11101000000
1111100000
11111101000
1111111100
11000000
111010000
1110101010
111111010
11100000000
111000101000
11100111000
111101011100
11111111100
1100000
11010100
1111100
11000000000
110001010000
11100110000
111010101100
11111101100
111111101110
111110000000
1111101010000
111111110000
1001000000
110100000
11110000
10010000000000
101000100100000
1101010010000010
111110100000100
1111110110000010
111000001100000000
1110100000011100000
11110100001011100000
1111100010111100000
11111010001111100010
111110001100000000011000
1111100011101000000011000
111110001111100011000000
1111100011111000111010000
111110001111100011111000
1111100100000000010011111000
11111001000101000010011111000
111110010000101000101000000000100
1111100100010100001010001010000100
10100010100001010001010000101000000000
101000101000010100010100001010001010000
1010101010100010100001010001010000101000
10101010101000101010101010001010000101000
101010101010001010101010100010101010101000
