(7,7,6)
1111111111111111111111111111111111111111111111111111111111111000
101000000000000000
11100000000000000
111000101000000000
11100011100000000
111101011100000000
11111111100000000
10000001000000
1100000100000
110000110000
1101010110000
111110110000
1111101101010
111111110110
11110000000
111101010000
11111110000
100100000000
11010000000
1111000000
11111010000
1111111000
11111111010
1110000000
11110100000
111110100010
11111110100
110100000000
1101000101000
111001101000
1110101101100
111111101100
1110100000000
111110000000
1111110100000
11111110100010
1111111110100
11111111110110
1111111111110000000000000
1000100000000000
10100100010000000
1110010001000000
11110100001000100
111110110001000010
11111110110001000
111000100100000000
1110101000001001000
111111000100100000
1111110010000000000000010100000
11111100100000010100000010100000
10100001000000000101000000101000000
101010100000010100000010100001000000
1010101000101010100000010100001000000
10101010100000010101010001010101000000
101010101010001010101010000001010101000
1010101010100010101010101000101010101000
