(7,7,7)
1111111111111111111111111111111111111111111111111111111111110000
100100
101010
110110
1111000000
1000010000
1010001000
1101001000
11100100
1010100000
1101000010
11110000
10010000
10100010000000
11000000010010000000
110000001001000000
1001000001000000100000
1010000010000001000010000000
1010001000000010100000100000
101001000010100000100000101000
101010100010100000100000101000
10101010001010100100100000101000
10101010101000101010100010100000
11010000101010101010001010101000
1110100001010101010100010101010100
110000101010101010001010101010100000
11100100010101010101000101010101010000
1010101010100010101010101000101000001000
101010101010001010101010100010100100101000
101010101010001010101010100010101010101000
