(7,7,7)
1111111111111111111111111111111111111111111111111111111111111000
1010
111000000000000
1110101000000000
111111000000000
1000000010000000
10101000010000000
1111000010000000
100010000001000000000
1010100000010001000000
111100000010001000000
1111000010110001000000
111100011110001000000
1111000111100011010000
111100011110001111000
11110010000000001001111000
1111001000000000101000000000100
11110010000101000101000000000100
111100100010100001010001010000100
10100010100001010001010000101000000000
101000101000010100010100001010001010000
1010101010100010100001010001010000101000
10101010101000101010101010001010000101000
101010101010001010101010100010101010101000
