(7,7,7)
1111111111111111111111111111111111111111111111111111111111111000
101000000000000000
11100000000000000
111000010100000000
11100011100000000
111101011100000000
11111111100000000
10000001000000
1100000100000
110000110000
1101010110000
111110110000
1111101101010
111111110110
11110000000
111101010000
11111110000
100100000000
11010000000
1111000000
11110101000
1111111000
11111111010
1110000000
11110100000
111110100010
11111110100
110100000000
1101000010100
111001101000
1110101101100
111111101100
1110100000000
111110000000
1111101010000
111111110000
10010000000
1101000000
11010010100
1110101100
111111100
1100000000
11000101000
1110011000
11101011100
1111111100
110000000
1100101000
11010110100
1111110100
1101000000000
11010000101000
1110001101000
11101011011000
1111111011000
11100100000000
111010100000100
11111100100000
10100001000000000
1110000100000000
11101010000010000
1111110000100000
11111110100010000
110001000100000000
1100010001001010000
111010001000110000
110001000110001000000000000
1100010100000001000110001000
111000110001000110001000000
1110101000110001000000111000
111111000111000000100011000
1111110001111010000100011000
111111000111111000110001000
1111110001111110001101011000
111111000111111000111111000
111111001000000000100111111000
1111110010001010000100111111000
1111110010000101000101000000000100
11111100100010100001010001010000100
10100010100001010001010000101000000000
101000101000010100010100001010001010000
1010101010100010100001010001010000101000
10101010101000101010101010001010000101000
101010101010001010101010100010101010101000
