(7,7,7)
1111111111111111111111111111111111111111111111111111111111100000
10001000
100100100
1010010100
11001010100
110100110100
1110010110100
1101011010
11101011100
111100111100
111101000000010
1111101000000100
11000000101000000
1010000010100000
11001000010100000
1010100001010000
11001100001010000
1101010001010000
110100010100010
11011000101000
1110100101000
1110010100
1101010
11101100
1111010
1110000000
1100000
101000
1100100
101010
1101100
111010
11100000000
11000000
1010000
11001000
1010100
1101011000
110110100
11101010
111101100
11111010
111000000
110000
10100
110100
1110100
11110100
11010000000
1101000000
110100000
110100100010
1101010010010
11010101001010
110110101010100
11101010101010
111011001101010
11110101101010
111101100111010
11111010111010
111011000000110
11110110000010
1111101000010
11000011000000
1100010100000
101001010000
1100101010000
11001100110000
1101010110000
11100110110000
11101000101101100
1110101110100010
11110101110100100
111101011110010100
111101100000001010100
111000000010101010000000
111100010000010101010000000
111110001000001010101000001000
1010101000001001000000100100000
10101010000010100100000100100000
101010100000101001000010010100000
1100100001010101000001010010000100
101010100001010101000010010100000
1100100001010101000010101010000100
101010100001010101000010101010000
101010101000101010101000010101010000
101010101010001010101010000101010101000
101010101010001010101010100010101010101000
