(7,7,7)
1111111111111111111111111111111111111111111111111111111111110000
100100
101010
110110
111100000000000
11110010010000000
11110101010000000
11110110110000000
111111110000000
100000100000
101000010000
101000101000
110100101000
110101011000
111011011000
1111111000
101000000
110100000
111010000
111101000
111110100
110100000000
111010000000
111101000000
111110100000
111111010000
111111101000
11001000000
11010100000
11101100000
111110000
11111100100
101010000000
110100000010
1111000000
111101001000
111110101000
111111011000
1110010000000
1110101000000
1110110100000
11111100000
100010000000
101001000000
110100000100
1110100000
1111010000
1111101000
1111110100
11010000000
11101000000
11110100000
11111010000
11111101000
11111110100
1101000000
11100000
1110100100
1111010100
1111101100
1110100000000
1111010000000
1111101000000
1111110100000
1111111010000
110001000000
1100100000
11010000
111000
11110100
11111010
11100000000
1111001000000
111110011000000
11111100111000000
111010000000100000
111101000000100000
111110100000100000
110000010000100000000
1100001000010000000
1000100001000000100000000000
100100001000000100001000100000
101010000100010000100000010000
110100010001000010000001000010
1111000100010000100000010000
1111000100010001010000010000
111101001100010001010000010000
111110101100010001010000010000
111111011100010001010000010000
1111000100010100000100010000000
111100010001010000010001010010000
111100010101010001000001010001000
11111001010001010000010001010101000
1111110010101010100010000010100010100
10101010101000100000101000101010000000
1010101010100010000010100010101010010000
1010101010100010101010101000101000001000
101010101010001010101010100010100100101000
101010101010001010101010100010101010101000
