(7,7,7)
1111111111111111111111111111111111111111111111111111111111110000
100100
101010
1101100000000000
11110000000000
1111001001000000
1111010101000000
1111011011000000
11111111000000
1000010000
1010001000
1101001000
11100100
1111001100
111110011100
11101000000010
11110100000010
11111010000010
1100000110000000
110100100001100000
111010100001100000
111101100001100000
11111011000011000100
1110000110001010000000
1110000110001101000000
1110100000111000011000
1111010000111000011000
111101001110000111000010
111110101110000111000010
111111011110000111000010
111110000111000011000000
11100010000000100000110000
11100010000001010000110000
11100010000001101000110000
111000110000111000100000
11110010110000111000100000
11110101110000111000100000
11111011110000111000100000
1111100001110001000010000000
1111100001110001000101000000
111000100010100000100000001000
11100010010010001000001010001000
11100010101010001000001010001000
1111001010001010000010001010101000
111110010101010100010000010100010100
10101010101000100000101000101010000000
1010101010100010000010100010101010010000
1010101010100010101010101000101000001000
101010101010001010101010100010100100101000
101010101010001010101010100010101010101000
