(7,7,7)
1111111111111111111111111111111111111111111111111111111111100000
10001000
100100100
1010010100
11001010100
110100110100
11010101100
111001101100
110110110
11101110000000000
11101110100010000000
111101110000000100100
1111011100000001010010
11111011100000001010100
1111000000010101010000000
1111010001000010101010000000
11111001001000010101010000000
111110100101000010101010000000
1111110010101000010101010000000
1010101000010101010000001000000
10101010000101010100000100100000
101010100001010101000010010100000
1100100001010101000010101010000100
101010100001010101000010101010000
101010101000101010101000010101010000
101010101010001010101010000101010101000
101010101010001010101010100010101010101000
