(8,8,8)
1111111111111111111111111111111111111111111111111111111111111000
1010
111000000000000
1110101000000000
111111000000000
1000000010000000
110000001000000
11000001100000
110101001100000
11111001100000
111110101001100
11111111001100
11010000010
1111010000
111111000
1111111010000000000000
111111111000000000000
1000010000000000
10100001000000010000000000000
101000101000010000000100000000
1010010000000100001010001010000
10101000010100010100001010010000
1010100010000000000001010100001010001010000
10101000101000000010001010100001010001010000
101010001010100001010001010100001010001010000
1010101010101000101000010101000101010000101000
10101010101010001010101010101000101010000101000
101010101010100010101010101010001010101010101000
