(8,8,8)
1111111111111111111111111111111111111111111111111111111111111000
1010000000000
111000000000
1110010100000
111001110000
1110100000001000
111110001000000
100100000100000
11000010010000
10010001000000001000
101010001001000100000
11110001001000100000
111100010011000000000010100000
1111000100110000010100010100000
11110001101110000010100010100000
111100011100000001000010100010100000
1111000111000010101000010100010100000
111001000000100001010001010000101010000
1110010001010100001010001010000101010000
10101000101000000010001010100001010001010000
101010001010100001010001010100001010001010000
1010101010101000101000010101000101010000101000
10101010101010001010101010101000101010000101000
101010101010100010101010101010001010101010101000
