(8,8,8)
1111111111111111111111111111111111111111111111111111111111111000
1010
1110000000000000
11100001010000000
1110001110000000
11110101110000000
1111111110000000
100000100000
11000010000
1100011000
11101011000
1111111000
1010000000
111000000
1111010000
11111010010
1111111010
1110000000
11101010000
1111110000
11111110100
11010000000
110100010100
11101101000
111011011010
11111110110
111111111000000000000
10000010000000000
1100001000000000
11000101000010000
110101101000010000
11111101000010000
1100001000100000000
110010000110000000
1100100010000000000001000000
110010011000000100000000000
1100100110000010100001000000
111000100000011001001100000
1110101100000011001001100000
111111100000110010011000000
110010011000010000000100000
1101010010000000100001100100
111110010011000010000000100
1100101000000000101000000010000
11001010000101000101000000010000
101010000101000101000000010001000000000000
1010100010000000000001010100001010001010000
10101000101000000010001010100001010001010000
101010001010100001010001010100001010001010000
1010101010101000101000010101000101010000101000
10101010101010001010101010101000101010000101000
101010101010100010101010101010001010101010101000
