(8,8,7)
1111111111111111111111111111111111111111111111111111111111111000
10100000000000000
1110000000000000
11100001010000000
1110001110000000
11110101110000000
1111111110000000
100000100000
11000010000
1100011000
11101011000
1111111000
1010000000
111000000
1110101000
111111000
1111111010
1110000000
11110100000
1111110000
100100000000
1010001001000
111001001000
1110101100100
111111100100
101010000000
11101000000
1111100000
11111010100
1111111100
111111111100000000000000
100001000000000000
11000100000000000
110001000101000000
11100100011000000
111001101011000000
11111100111000000
111111101111000000
111110000010000000
1000010000001000000000
10100010000100000010000
1110010000100000010000
11110100100000010000100
11111001000010000001010000000000000
111110010000100000010100001010000000
1010000101000000100001010000000001000000
10101000000101000010100000010000101000000
101010101000000101010000001010000101000000
1010101010001010101010000001010000101000000
10101010101000000101010101000101010101000000
101010101010100010101010101000000101010101000
1010101010101000101010101010100010101010101000
