(8,8,7)
1111111111111111111111111111111111111111111111111111111111111000
101000000000000000
11100000000000000
111000001010000000
11100001110000000
111010100001110000
11111100001110000
111111101001110000
1110011000000001000
11100110101000001000
1111100111000100000
11111101000100011100
111111101111000100010
1111100010001100000000
110001001000000000010000000
1100010010000001010010000000
111001000000011000100100000
1110010000000110101100100000
111111001000001110010000000
111001000000100000000010100000
101000010000000000001010000001000000000
1010000101000000100001010000000001000000
10101000000101000010100000010000101000000
101010101000000101010000001010000101000000
1010101010001010101010000001010000101000000
10101010101000000101010101000101010101000000
101010101010100010101010101000000101010101000
1010101010101000101010101010100010101010101000
