(8,8,8)
1111111111111111111111111111111111111111111111111111111111110000
10010000000000000
10101000000000000
11010000000000010
111100000000000
11110010010000000
11110101010000000
11110110110000000
111111110000000
100000100000
101000010000
101000101000
110100101000
110101011000
111011011000
1111111000
101000000
110100000
111010000
111101000
111110100
110100000000
111010000000
111101000000
111110100000
111111010000
1100010000000
11001000000
11010100000
11101100000
111110000
11111100100
101010000000
110110000000
1111000000
111101001000
111110101000
111111011000
1110010000000
1110101000000
1110110100000
11111100000
100010000000
101001000000
110100000100
1110100000
1111010000
1111101000
1111110100
11010000000
11101000000
11110100000
11111010000
11111101000
11111110100
1101000000
11100000
1110100100
1111010100
1111101100
1110100000000
1111010000000
1111101000000
1111110100000
1111111010000
110001000000
1100100000
11010000
111000
11110100
1101000000000
11100000000
1110001001000
1110010101000
1110010110100
1110101110100
1111010111010
1111101111010
1111101100000000
1110000000100000000
1110000001010000000
111100100000101000000
10100000101000001000000000
1010000010100000100100100000
1010101000001010000010100000
1101101000001010000010100000
11111000001010000010100000
10100001000000001000010100000
1100100000010000101000001010000
1010001000000000001010000001000010100000
1010001010000010100010000000000010100000
101000101000001010001001000000100010100000
101010001010000010100010100000101000100000
10101001001010001000001010100010100000101000
10101010101010001010000010100010101000001000
1010101010101000101000001010001010101001001000
1010101010101000101010101010100010100000101000
101010101010100010101010101010001010100100101000
101010101010100010101010101010001010101010101000
