(8,8,8)
1111111111111111111111111111111111111111111111111111111111111000
1010
11100000000000000
111000010100000000
11100011100000000
111101011100000000
11111111100000000
10000001000000
1100000100000
110000110000
1101010110000
111110110000
1111101101010
111111110110
11110000000
111101010000
11111110000
100100000000
11010000000
110101010000
11110110000
111110110010
11111110110
111100000000
1111101000000
111111100000
1000100000000
10100100010000
1110100010000
1100010001000000000000
11000100010001010000000
1110010001000110000000
11110100000110001000100
1111110010001000110000
1100010001010000000001000
111000100011000100000000
1110001000110001010100000
111100011000100011100000
1111000110101100011100000
111111000111100000111000
1111110001111001010111000
111111001111000111111000
1111111011111000111111000
11111100100000000111111000
111111101100000000111111000
1111110010000000011100000000
1110000000100000000010100000000
11100000001000010100010100000000
111000010101000010100010100000000
1110010100001010001010000101010000
1010100010000000000001010100001010001010000
10101000101000000010001010100001010001010000
101010001010100001010001010100001010001010000
1010101010101000101000010101000101010000101000
10101010101010001010101010101000101010000101000
101010101010100010101010101010001010101010101000
