(8,8,7)
1111111111111111111111111111111111111111111111111111111111110000
100100
101010
110110
111100000000000
11110010010000000
11110101010000000
11110110110000000
111111110000000
100000100000
101000010000
101000101000
110100101000
110101011000
111011011000
1111111000
101000000
110100000
111010000
111101000
111110100
110100000000
111010000000
111101000000
111110100000
111111010000
1100010000000
11001000000
11010100000
11101100000
111110000
11111100100
101010000000
110110000000
1111000000
111110010000
111110101000
111111011000
1110010000000
1110101000000
1110110100000
11111100000
100010000000
101001000000
110100000100
1110100000
1111010000
1111101000
1111110100
11010000000
11101000000
11110100000
11111010000
11000100000000
1100010010010000
1100010101010000
1101101000011000
11111000110000
1111101001110000
1111110101110000
11101100000001000
111110001000000
11111100101000000
101010000010000000
110100000100000010
1111000001000000
111100001000000000000100000
11110000100000001001000100000
11110000100000010101000100000
11110000100000011011000100000
111100010000011110000100000
111100010100001111000100000
11110100110000011110001010000
11111010110000011110001010000
11111101110000011110001010000
111100010100010000000111100000
11111001010100010000000111100000
11110000100000000101010100010000000
1111000010000010010101010100010000000
1111000010000101010101010100010000000
111100010010010001010101010101000010000
111100010100010101010101010001001001000
111100010101010001010101010101000101000
11111001010100010101010101010001010101000
1111110010101010100010101010101010001010100
10101010101010001010101010100000001010101000
1010101010101000101010101010000100101010101000
1010101010101000101010101010100010101010101000
