(8,8,8)
1111111111111111111111111111111111111111111111111111111111110000
100100
101010
110110000000
11101100000100
1110000010100000
101000010000010000
10100100100001010000
10101010100001010000
11011010100001010000
11101100001010000110
1110000101000011100000
111000010100010000010000
11100001010001010010010000
11100001010101010001010000
1010101010001010001000001000
101010101000101000101001001000
101010101000101010101000101000
11010001010101010001010101010100
1101100101010101010001010101010100
11100101010101010001010101010101000000
1010101010101000101010101010100000100000
110010001010101010101000101010101010100000
11100100010101010101010001010101010101000100
1010101010101000101010101010100010100000101000
101010101010100010101010101010001010100100101000
101010101010100010101010101010001010101010101000
