(8,8,8)
1111111111111111111111111111111111111111111111111111111111110000
100100
11001100
110110
1111000000000000
111101001000000000
111110101000000000
111111011000000000
11100000000100000000
11100000001010000000
1111001000001010000000
111110011000001010000000
1101000000000100000010100000
1110100000000100000010100000
1111010000000100000010100000
1111101000000100000010100000
1111110100000100000010100000
110000010000001010000100000000
110000101000001010000100000000
11100100000010000101000001010000
1010001000000000001010000001000010100000
1010001010000010100010000000000010100000
101000101000001010001000001001000010100000
101010001010000010100010100000101000100000
10101001001010001000001010100010100000101000
10101010101010001010000010100010101000001000
1010101010101000101000001010001010101001001000
1010101010101000101010101010100010100000101000
101010101010100010101010101010001010100100101000
101010101010100010101010101010001010101010101000
