(9,9,8)
1111111111111111111111111111111111111111111111111111111111111000
10100000000000000
1110000000000000
11100001010000000
1110000111000000
11101010111000000
1111110111000000
11111110111000010
11110000110000000
111110100000110000
1100010000000001100000
11000100010100001100000
1110010001100000110000
11101010110000011000100
1111110110000011000100
11111110110001100000110
11100011000001110000000
111101000001110001100000
1111101000110001110000010
11100011000110000000001100000
111000110001100000010101100000
11111000001110001100011000000
111110000101110001100011100000
11111000111110001100011100000
111110001111100011000111101000
11111100111110001111100011000
111111101111110001111100011000
111111100011111000110010000000
111110010000000100000010011000
1111100100000001000000101000000000000100
11111001000000101000010100000010000000100
111110010000101010000001010000101000000100
1010100001010000000001010000001010000101000000
10101010000001010000101010000001010000101000000
101010101010000001010101000000101000010101000000
1010101010100010101010101000000101010000101000000
10101010101010000001010101010100010101010101000000
101010101010101000101010101010100000010101010101000
1010101010101010001010101010101010001010101010101000
