(9,9,9)
1111111111111111111111111111111111111111111111111111111111111000
1010
11100000000000000
111000101000000000
11100011100000000
111101011100000000
11111111100000000
10000001000000
1100000100000
110000110000
1110100110000
111110110000
1111101101010
111111110110
11110000000
111101010000
11111110000
100100000000
1010001001000
111001001000
1110101100100
111111100100
1010100000000
111010000000
11111000000
111110101000
11111111000
1010000000
111000000
1110101000
111111000
1111111010
11100000000
111000101000
11100111000
111101011100
11111111100
11000000
110101000
11111000
111111010
111000000000
1110101000000
111111000000
1111111010000
11000100000000
110001001010000
11100100011000
111010111001000
11111111001000
1010010000000
111001000000
1110101000100
111111001000
101001000000000
1010101001000000
111101001000000
1111101001000010
110010000110000000000
1101010000000110010000
111110000100110000000
1111110100000110010000
1100100010000000001100000
11001000100001010001100000
1110001100000110010001000
11101011000100110000011000
1111111000110000011001000
11001001000000001001100000
1101100000110010010000000
11011010100001001001100000
1111101100000110010010000
111000001100100100010000000000
1110000011001001000100010100000
111001000100100110000011100000
1110010101100100110000011100000
111110011100000111000001100100
1111110110011000001110000011100
11111110111100000111000001100110
111110000011100000110011100000000
1111100000111000001100111010100000
111111001100000111000001111100000
1111110011000101111000001111100000
11111100111010101111000001111100000
1111111011100111111000001111100000
11111110111101111111000001111100000
111111101111100000000100001111100000
1111110000000010000111110000100000000
11111100000101010000111110000100000000
111111000001010100001111100001010100000
111110000101010000100000000010000101010000
1111100001010100001010100000010000101010000
101010001000000000010001010100001010100000010000
1010100010101000010000001010100001010100010000000
10101000101010000101010001010100001010100000010000
101010001010100001010100010101000010101000101010000
1010101010101010001010100001010100010101000010101000
10101010101010100010101010101010100010101000010101000
101010101010101000101010101010101000101010101010101000
