(9,9,9)
1111111111111111111111111111111111111111111111111111111111100000
10001000
100100100
1010010100
11001010100
1010101010
11010101100
1101011010
11101011100
11110101111000
11111010111101000
111110101111100100
1111101011111010010
11111101011111010100
111110110000000101010
11111101010100000010
110101000000110000000
11010000001100000010
1101100000011000000
111010000011000000
1100000110000010000000000
110000101000000000100000
110000101000000100010100000
1100001010000010010010100000
11000010100001001010010100000
110010100001010000110000010100
11000010100001010101010100000
11010001010100001010101010100000
111001001010100001010101010100000
1110100101010100001010101010100000
11110010101010100001010101010100000
1010101010100001010101010100001000000000
1010101010100001010101010100001000100010000
10101010101000010101010101000010010010010000
101010101010000101010101010000101001010010000
1100101000010101010101000010101010101000010100
101010101010000101010101010000101010101010000
101010101010100010101010101010000101010101010000
101010101010101000101010101010100001010101010101000
101010101010101000101010101010101000101010101010101000
