(9,9,9)
1111111111111111111111111111111111111111111111111111111111111000
1010
111000000000
1110101000000
111111000000
1000010000
10101010000
1111010000
110001000000
100100000100000000
1010010000010010000
11010001001000010100
11000100100001010100000000
110010100001010100001001000
101010000101010000100100100000000
11010010000101010000101010000000
11001000010101000010101000000100000000
110010100001000000101010000101010000100
1110110000101010000101010000001000010100
11100001010100001010100000010000101010000000
111001010001010100001000000101010000101010000
1010100010101000010000001010100001010100010000000
10101000101010000101010001010100001010100000010000
101010001010100001010100010101000010101000101010000
1010101010101010001010100001010100010101000010101000
10101010101010100010101010101010100010101000010101000
101010101010101000101010101010101000101010101010101000
