(9,9,9)
1111111111111111111111111111111111111111111111111111111111100000
10001000
100100100
1010010100
11001010100
110100110100
1110010110100
1101011010
110110110
11101110
1111100000000
10000001000000
100100000100000
1001000010010000
10100100010010000
101010010010010000
1010101001010010000
11001010101010000100
101010101010000101000000000
101010101010000101001000100000
1010101010100001010100100100000
10101010101000010101010010100000
110010101010100001010101010100000
1010101010100001010101010100001000000000
1010101010100001010101010100001000100010000
10101010101000010101010101000010010010010000
101010101010000101010101010000101001010010000
1100101000010101010101000010101010101000010100
101010101010000101010101010000101010101010000
101010101010100010101010101010000101010101010000
101010101010101000101010101010100001010101010101000
101010101010101000101010101010101000101010101010101000
