(9,9,9)
1111111111111111111111111111111111111111111111111111111111100000
10001000
100100100
1010010100
11001010100
1010101010
11010101100
111001101100
11011010000010
11011010100010010
110110110100100100
1101101101001010010
11101101101001010100
111011011100101010100
11101110010101010100000
1111000001010101010100000
1010101010100001000010000
101010101010000101000000001010000
101010101010000101001000100001010000
1010101010100001010100100100001010000
10101010101000010101010010100001010000
10101010101000010101010010101000101010000
110100101010100001010101010100001010100100
1101001010101000010101010101000010101010010
11101001010101000010101010101000010101010100
111100101010101000010101010101000010101010100
101010101010000101010101010000101010101010000
101010101010100010101010101010000101010101010000
101010101010101000101010101010100001010101010101000
101010101010101000101010101010101000101010101010101000
