(9,9,8)
1111111111111111111111111111111111111111111111111111111111111000
101000000000000000
11100000000000000
111000101000000000
11100011100000000
111101011100000000
11111111100000000
10000001000000
1100000100000
110000110000
1101010110000
111110110000
1111101101010
111111110110
11110000000
111101010000
11111110000
100100000000
11010000000
1111000000
11110101000
1111111000
11111111010
1110000000
11101010000
1111110000
11111110100
110100000000
1101000010100
111001101000
1110101101100
111111101100
1110100000000
111110000000
1111101010000
111111110000
10010000000
1101000000
111100000
1111101000
111111100
1100000000
11101000000
1111100000
100010000000000
1101000000001000
111100010000000
1001000000100000000000
10100010000001001000000
1110001000000100100000
1001000010000000000001001000000
110001001000000100100000000000
1100010010000001001001010000000
111001001000000100100011000000
1110101000110001001000000100100
111111001001000000100100011000
1111111011001000000100100011000
11100100000010010001100100000000
111001010000100110001001000000100
1110101001000000100111001010000100
111111001000010100111001000000100
111111001000010101000000000000101000000100
1111110010000101010000001010000101000000100
1010100001010000000001010000001010000101000000
10101010000001010000101010000001010000101000000
101010101010000001010101000000101000010101000000
1010101010100010101010101000000101010000101000000
10101010101010000001010101010100010101010101000000
101010101010101000101010101010100000010101010101000
1010101010101010001010101010101010001010101010101000
