(9,9,9)
1111111111111111111111111111111111111111111111111111111111110000
100100
101010
110110
111100000000000
11110010010000000
11110101010000000
11110110110000000
111111110000000
100000100000
101000010000
101000101000
110100101000
110101011000
111011011000
1111111000
101000000
10100100100
10101010100
11011010010
111110100
110100000000
111010000000
111101000000
111110100000
111111010000
1100010000000
11001000000
11010100000
11101100000
111110000
11111100100
101010000000
110110000000
1111000000
111101001000
111110101000
111111011000
1110010000000
1110101000000
1110110100000
11111100000
100010000000
101001000000
110100000100
1110100000
1111010000
1111101000
1111110100
11010000000
111000000
11100100100
11101010100
11110110100
111111100
11111111100
1111111111100
11111111111110000000000000
1100000000000
11000000000
111000000010000000000000
1000000100000000001000000000000
100100010000001000000000010000000
101000000100100010000001000000000
10100010010000100000010001001000000
1010001010000001001000100000010001000000000000
1010010000000000001010001010000001001000100000
101001000010010000001010001010000001001000100000
101010000100101000001000100100000010100010100000
101010001000001010010000101010000010100010100000
10101001001010100010100000101010000100101000001000
10101010001010100000101000101010010010101000100000
10101010101010100010100000101010001010101000001000
1010101010101010001010000010101000101010101001001000
1010101010101010001010101010101010001010100000101000
101010101010101000101010101010101000101010010010101000
101010101010101000101010101010101000101010101010101000
