(9,9,9)
1111111111111111111111111111111111111111111111111111111111111000
1010
1110000000000000
11100001010000000
1110001110000000
11110101110000000
1111111110000000
100000100000
11000010000
1100011000
11101011000
1111111000
1010000000
111000000
1110101000
111111000
1111111010
1110000000
11101010000
1111110000
100100000000
1010001001000
111001001000
1110101100100
111111100100
101010000000
11101000000
1111100000
11111010100
1111111100
11000000
110101000
11111000
111111010
11100000000
111000101000
11100111000
111101011100
11111111100
1100000
11010100
1111100
11000000000
110001010000
11100110000
111010011100
11111011100
111111011110
11111100000000
111111101000000
110000010000000
1100101000100000
111011000001000
11100000100100000000000
111000001001000101000000
11100100100000111000000
111001001101000111000000
11110011100000011100100
111110110011100000011100
1111110111100000011100110
111110000001110011100000000
1111100000011100111101000000
11111011110000001111100000010
111110000001111100000011000000000
1111100000011111000000110101000000
111110000001111100000011111000000
1111100000100000000010000011111000000
11111000001010100000010000011111000000
111110000010101000000100001000000000100000
1111100000101010000001000010000001010100000
10101000010000000001000010101000000100001000000
101010000101010000001000010101000000100001000000
1010100010101000010000001010100001010100000010000
10101000101010000101010001010100001010100000010000
101010001010100001010100010101000010101000101010000
1010101010101010001010100001010100010101000010101000
10101010101010100010101010101010100010101000010101000
101010101010101000101010101010101000101010101010101000
