(9,9,8)
1111111111111111111111111111111111111111111111111111111111110000
100100
101010
11011000000000000
111100000000000
11110010010000000
11110101010000000
11110110110000000
111111110000000
100000100000
10100100100000
10101001010000
11010101000010
11011011010000
111111010000
1100010000000
11001000000
11010100000
1101100001000000000000
11110000100000000000
1111000010000100100000
1111000010101000010000
1111000101101000010000
111101001101101000010000
1111100101111000010000
1111101011111000010000
1111101100000000100010000
11111110000100010000000
1000100010000001000000
110010000100010001000000
1101000010001000100000
11100001000100010000
100010001000100010000000000
10100100000001000100010001000
10101010001000100010001000000
11011010000001000100010001000
111110001000100010001000000
11111000100010100110001000000
11111000100011010110001000000
11111000100011101110001000000
1111100010100111101110001000000
111111001010100111101110001000000
1111011100010000010000000101010100
111100010000010000000101010101000000000
11110001000001000000010101010100010010000
1111000100000100001001010101010100010010000
1111000100000100010101010101010100010010000
111100010100100100010101010101010100010010000
111100010101000101010101010101000100100101000
111100010101010100010101010101010100010101000
11111001010101000101010101010101000101010101000
1111110010101010101000101010101010101000101010100
10101010101010100010101010101010000000101010101000
1010101010101010001010101010101000010010101010101000
1010101010101010001010101010101010001010101010101000
