(9,9,9)
1111111111111111111111111111111111111111111111111111111111110000
1001000000
1010100000
11000001100000
110000110000
11000100001000
1001000010010000
10100001001000100000
1101000010010001000100
110000101000100010010000
110001010100010001010000
11001010100001100010101000
1100010101001000010101010000
101010100010000100101010010000
101010101001000010001010101000
101010101010100010101010001000
11001010101010001010101010101000
1010101010101001000010101010101000
10101010101010100010101010101000100000
1100101010101010100010101010101010100000
101010101010101000101010101010101000010000
1010101010101010001010101010101010001000001000
101010101010101000101010101010101000101001001000
1010101010101010001010101010101010001010100000101000
101010101010101000101010101010101000101010010010101000
101010101010101000101010101010101000101010101010101000
