(9,9,9)
1111111111111111111111111111111111111111111111111111111111110000
100100
101010
110110
1111000000
1000010000
1010001000
1101001000
11100100
11101010
11110110
111111000000
10010000
10100010000000
1010010000101000
101010001010010100000000
110000000101010001010100000000
11000001001010101000101010000000
11000010000000101010101000101010000000
1100001000010010101010101000101010000000
1100001000101010101010101000101010000000
110000100101010100010101010101010100010000
110001010101010100010101010101010100010000
11100101010101010100010101010101010100010000
1010101010101010001010101010101010001000100000
110010001010101010101010001010101010101010001000
11100101000101010101010101000101010101010101000100
1010101010101010001010101010101010001010100000101000
101010101010101000101010101010101000101010010010101000
101010101010101000101010101010101000101010101010101000
