(9,9,9)
1111111111111111111111111111111111111111111111111111111111110000
100100
101010
110110
11110000000000
1111001001000000
1111010101000000
1111011011000000
11111111000000
1000010000
1010001000
1010010100
1101010100
1101101100
11111100
11000000
110000
1100
111100
111111000000000000
100000010000000000
10010001000000100000
10101000100000010000
11011000100000010000
111100010000001000
1001000000100100000000
10100000010010000000100000000000
10100001000000000000100000100000001001000000
10100010100000010010000000100000100000000000
10101000001010001010000000000010000010000000
1010100000101000101000000100100010000010000000
1010100010000010000000101010000010100010100000
101010001000001010010000101010000010100010100000
10101001001010100010100000101010000100101000001000
10101010001010100000101000101010010010101000100000
10101010101010100010100000101010001010101000001000
1010101010101010001010000010101000101010101001001000
1010101010101010001010101010101010001010100000101000
101010101010101000101010101010101000101010010010101000
101010101010101000101010101010101000101010101010101000
