9,8,7,6,14
2,1,0,13,15
15,13,12,11,16
14,6,5,4,17
16,11,10,9,14,17,18,19,20
20,17,4,3,2,15,16,18,21
21,20,19,22,23
22,23,24,25,26
24,22,21,18,19,23,26,27,28
28,26,25,29,30
30,25,24,27,31
31,30,29,32,33
33,29,28,27,31,32,34,35,36
36,35,37,38,39
39,35,34,40,41
41,34,33,32,36,37,42,43,44
42,41,40,45,46
46,40,39,38,47
47,38,37,44,48
45,46,47,48,49
49,48,44,43,50,51,52,53,54
54,43,42,45,49,50,55,56,57
55,54,53,58,59
56,55,58,60,61
57,56,60,62,63
51,50,57,62,64
64,62,63,65,66
66,63,60,61,67
67,61,58,59,68
65,66,67,68,69
69,68,59,53,52
51,64,65,69,52
