10,11,12,13,14
8,9,10,14,15,0,1,2,16,17,18,19
19,2,3,4,20
20,4,5,6,7,8,16,21,22,23,24,25
18,19,20,21,26
26,21,22,27,28
17,18,26,27,29
28,22,23,30,31
29,27,28,30,32
32,30,31,33,34
34,31,23,24,35
33,34,35,36,37
37,35,24,25,38
38,25,16,17,29,32,33,36,39,40,41,42
40,41,43,44,45
42,41,45,46,47
44,45,47,48,49
39,40,43,50,51
51,43,44,48,52
52,48,49,53,54
50,51,52,53,55
55,53,54,56,57
46,42,36,37,38,39,50,55,56,58,59,60
57,56,60,61,62
62,60,59,63,64
58,46,47,49,54,57,61,65,66,67,68,69
63,62,61,69,70
65,58,59,64,71
70,63,64,71,72
68,69,70,72,73
67,68,73,74,75
66,67,74,76,77
77,74,75,78,79
79,75,73,72,71,65,66,76,80,81,82,83
83,76,77,78,84
82,83,84,85,86
86,84,78,79,80
81,82,85,87,88
87,88,89,90,91
91,88,85,86,80,81,87,89,92,93,94,95
90,91,92,96,97
95,89,90,96,98
94,95,98,99,100
97,92,93,101,102
102,93,94,99,103
101,102,103,104,105
105,103,99,100,106
104,105,106,107,108
108,106,100,98,96,97,101,104,107,109,110,111
109,110,112,113,114
111,110,114,115,116
113,114,116,117,118
112,113,117,119,120
115,111,107,108,109,112,119,121,122,123,124,125
121,115,116,118,126
120,117,118,126,127
123,124,128,129,130
122,123,128,131,132
132,128,129,133,134
130,124,125,135,136
134,129,130,135,137
131,132,133,138,139
139,133,134,137,140
138,139,140,141,142
142,140,137,135,136
127,126,121,122,131,138,141,143,144,145,146,147
147,141,142,136,125,119,120,127,143,148,149,150
146,147,148,151,152
145,146,151,153,154
144,145,153,155,156
150,143,144,155,157
149,150,157,158,159
159,157,155,156,160
158,159,160,161,162
162,160,156,153,154
161,162,154,151,152
148,149,158,161,152
