10,9,8
14,13,12,11,10,8,7,6,5,4,16,17,18,19
17,18,20
20,17,16
2,1,0,15,14,16,20,18,19,21,22,23,24,25
21,22,26
26,22,23
25,19,4,3,2,21,26,23,24,27,28,29,30,31
30,29,32
31,30,32
27,25,24,31,32,29,28,33,34,35,36,37,38,39
34,35,40
33,34,40
39,28,27,33,40,35,36,41,42,43,44,45,46,47
45,44,48
48,45,46
42,41,49
43,42,49
47,46,48,44,43,49,41,39,38,50,51,52,53,54
51,52,55
55,51,50
53,54,56
37,36,47,50,55,52,53,56,57,58,59,60,61,62
58,59,63
57,58,63
62,56,54,38,37,57,63,59,60,64,65,66,67,68
64,62,61
68,67,69
66,65,70
70,65,64,61,60,68,69,71,72,73,74,75,76,77
72,73,78
78,72,71
74,75,79
77,69,67,66,70,71,78,73,74,79,80,81,82,83
83,82,84
84,82,81
76,75,79,83,84,81,80,85,86,87,88,89,90,91
87,88,92
89,88,92
85,86,93
90,91,94
94,90,89,92,87,86,93,95,96,97,98,99,100,101
95,94,91,80,77,76,85,93,101,102,103,104,105,106
103,104,107
102,103,107
99,98,108
108,99,100
105,106,109
97,96,110
109,106,101,100,108,98,97,110,111,112,113,114,115,116
112,113,117
111,112,117
114,115,118
116,110,96,95,102,107,104,105,109,111,117,113,114,118
115,118,116
