2,3,4
16,17,0,1,2,4,5,6,7,8,18,19,20
18,19,21
21,19,20
10,9,8,20,21,18,16,15,14,22,23,24,25
22,23,26
25,14,13,12,11,10,22,26,27,28,29,30,31
27,25,24
31,30,32
29,28,33
33,28,27,24,23,26,31,32,34,35,36,37,38
34,35,39
37,38,40
39,34,33,29,30,32,38,40,41,42,43,44,45
42,43,46
41,42,46
44,45,47
47,44,43,46,41,39,35,36,48,49,50,51,52
52,51,53
48,47,45,40,37,36,52,53,54,55,56,57,58
49,48,54
56,57,59
58,57,59
55,56,59,58,53,51,50,60,61,62,63,64,65
61,62,66
60,61,66
65,50,49,54,55,60,66,62,63,67,68,69,70
67,65,64
70,69,71
71,70,63,64,67,68,72,73,74,75,76,77,78
76,75,79
79,75,74
78,77,80
73,72,81
81,73,74,79,76,77,80,82,83,84,85,86,87
86,85,88
87,86,88
84,83,89
89,84,85,88,87,80,78,68,69,71,72,81,82
82,89,83
