4,3,2,1,0,32,33
33,32,31,30
6,5,4,33,30,29,28
8,7,6,28,27,26,34
10,9,8,34
12,11,10,34,26,25,24
14,13,12,24,23,22,35
20,19,18,17,16,36,37
35,22,21,20,36,38,39
37,16,15,14,35,38,40
39,38,40,41,42,43,44
44,40,37,36,39,41,45
43,42,46,47
46,43,44,45,48,49,50
47,42,41,45,50,51,52
49,50,52,53
51,47,46,48,54,55,56
54,51,52,53,57,58,59
59,53,49,48,56,60,61
61,56,55,62
62,55,54,57
60,59,58,63,64,65,66
66,58,57,62,61,60,63
65,64,67,68,69,70,71
71,64,63,66,65,67,72
72,71,70,73
68,67,72,73,74,75,76
76,73,70,69,77,78,79
79,69,68,74,80,81,82
80,79,78,83
81,80,83,84
75,74,82,85
85,82,81,84,86,87,88
88,84,83,78,77,89,90
90,77,76,75,85,86,91
91,90,89,92
92,89,88,87
86,91,92,87
