28,0,1,2,3,4,29
6,5,4,29
26,27,28,29,6,7,8
10,9,8,26,25,24,30
14,15,16,17,18,31,32
20,19,18,32
31,32,20,21,22,33,34
30,24,23,22,34,35,36
12,13,14,31,33,37,38
37,12,11,10,30,35,39
38,33,34,36,40,41,42
39,35,36,42,43,44,45
43,39,37,38,40,46,47
45,42,41,48
47,40,41,48
46,43,44,49,50,51,52
49,46,47,48,45,44,52
50,51,53,54,55,56,57
57,51,52,49,50,53,58
54,53,58,59
56,57,58,59,60,61,62
55,54,59,62,63,64,65
63,55,56,60,66,67,68
66,63,64,69
68,60,61,70
67,66,69,71
70,61,62,65,72,73,74
71,69,64,65,74,75,76
75,71,67,68,70,72,77
76,74,73,78
77,72,73,78
77,75,76,78
