12,0,1,2,3,4,13
10,9,8,7,6,14,15
13,12,11,10,14,16,17
15,6,5,4,13,16,18
17,16,18,19,20,21,22
22,18,15,14,17,19,23
21,20,24,25
23,22,21,24,26,27,28
25,20,19,23,26,29,30
27,26,30,31
29,25,24,28,32,33,34
31,30,29,32,35,36,37
34,28,27,31,35,38,39
38,34,33,40
40,33,32,37
36,35,39,41,42,43,44
44,39,38,40,37,36,41
43,42,45,46,47,48,49
49,42,41,44,43,45,50
48,49,50,51
51,50,45,46,52,53,54
47,48,51,52,55,56,57
54,46,47,55,58,59,60
60,55,56,61
53,54,58,62
59,60,61,63
57,56,61,63,64,65,66
66,63,59,58,62,67,68
68,62,53,52,57,64,69
69,68,67,70
70,67,66,65
64,69,70,65
