10,11,12,13
15,14,13,10,9,8,22
21,0,1,2
4,3,2,21,20,19,23
6,7,8,22,24,25,26
17,16,15,22,26,27,28
23,4,5,6,24,29,30
29,23,19,18,17,27,31
30,24,25,32
28,26,25,32,33,34,35
31,29,30,32,35,36,37
36,31,27,28,33,38,39
34,33,39,40
40,34,35,37,41,42,43
38,36,37,43,44,45,46
44,38,39,40,41,47,48
46,43,42,49
48,41,42,49
47,44,45,50,51,52,53
50,47,48,49,46,45,53
51,52,54,55,56,57,58
58,52,53,50,51,54,59
55,54,59,60
57,58,59,60,61,62,63
56,55,60,63,64,65,66
64,56,57,61,67,68,69
67,64,65,70
69,61,62,71
68,67,70,72
71,62,63,66,73,74,75
72,70,65,66,75,76,77
76,72,68,69,71,73,78
77,75,74,79
78,73,74,79
78,76,77,79
