4,3,2,1,0,20,21
14,13,12,11,10,22,23
16,15,14,22
18,17,16,22,23,24,25
25,23,10,9,8,26,27
21,20,19,18,24,28,29
29,24,25,26
6,5,4,21,28,30,31
31,28,29,26,27,32,33
33,27,8,7,6,30,34
34,33,32,35,36,37,38
38,32,31,30,34,35,39
37,36,40,41
40,37,38,39,42,43,44
41,36,35,39,44,45,46
43,44,46,47
45,41,40,42,48,49,50
48,45,46,47,51,52,53
53,47,43,42,50,54,55
55,50,49,56
56,49,48,51
54,53,52,57,58,59,60
60,52,51,56,55,54,57
59,58,61,62,63,64,65
65,58,57,60,59,61,66
66,65,64,67
62,61,66,67,68,69,70
70,67,64,63,71,72,73
73,63,62,68,74,75,76
74,73,72,77
75,74,77,78
69,68,76,79
79,76,75,78,80,81,82
82,78,77,72,71,83,84
84,71,70,69,79,80,85
85,84,83,86
86,83,82,81
80,85,86,81
