5,6,7,8,9,26,27
21,20,19,18,17,28,29
28,21,22,23
3,2,1,0,25,30,31
29,28,23,24,25,31,32
32,29,17,16,15,33,34
30,3,4,5,26,35,36
12,11,10,9,27,37,38
37,12,13,14,15,34,39
38,27,26,36
33,32,31,30,35,40,41
39,37,38,36,35,41,42
40,41,42,43,44,45,46
43,40,33,34,39,42,46
44,45,47,48,49,50,51
51,45,46,43,44,47,52
48,47,52,53
50,51,52,53,54,55,56
49,48,53,56,57,58,59
57,49,50,54,60,61,62
60,57,58,63
62,54,55,64
61,60,63,65
64,55,56,59,66,67,68
65,63,58,59,68,69,70
69,65,61,62,64,66,71
70,68,67,72
71,66,67,72
71,69,70,72
