4,3,2,1,0,12,13
10,9,8,7,6,14,15
13,12,11,10,14,16,17
15,6,5,4,13,16,18
17,16,18,19,20,21,22
22,18,15,14,17,19,23
21,20,24,25
24,21,22,23,26,27,28
25,20,19,23,28,29,30
27,28,30,31
29,25,24,26,32,33,34
32,29,30,31,35,36,37
37,31,27,26,34,38,39
39,34,33,40
40,33,32,35
38,37,36,41,42,43,44
44,36,35,40,39,38,41
43,42,45,46,47,48,49
49,42,41,44,43,45,50
50,49,48,51
46,45,50,51,52,53,54
54,51,48,47,55,56,57
57,47,46,52,58,59,60
58,57,56,61
59,58,61,62
53,52,60,63
63,60,59,62,64,65,66
66,62,61,56,55,67,68
68,55,54,53,63,64,69
69,68,67,70
70,67,66,65
64,69,70,65
