28,0,1,2,3,4,29
26,27,28,29
24,25,26,29,4,5,6
22,23,24,6,7,8,30
14,15,16,17,18,31,32
12,13,14,31
10,11,12,31,32,33,34
34,32,18,19,20,35,36
30,8,9,10,33,37,38
36,20,21,22,30,37,39
38,33,34,35,40,41,42
39,37,38,40,43,44,45
42,35,36,39,43,46,47
41,42,46,48
45,40,41,48
47,43,44,49,50,51,52
52,44,45,48,46,47,49
50,51,53,54,55,56,57
53,50,49,52,51,57,58
56,57,58,59
59,58,53,54,60,61,62
55,56,59,60,63,64,65
62,54,55,63,66,67,68
68,63,64,69
61,62,66,70
67,68,69,71
65,64,69,71,72,73,74
74,71,67,66,70,75,76
76,70,61,60,65,72,77
77,76,75,78
78,75,74,73
72,77,78,73
