8,9,10,11,12,13,18
4,3,2,1,0,17,19
6,7,8,18,20,21,22
15,14,13,18,22,23,24
19,4,5,6,20,25,26
25,19,17,16,15,23,27
26,20,21,28
24,22,21,28,29,30,31
27,25,26,28,31,32,33
32,27,23,24,29,34,35
30,29,35,36
36,30,31,33,37,38,39
34,32,33,39,40,41,42
40,34,35,36,37,43,44
42,39,38,45
44,37,38,45
43,40,41,46,47,48,49
46,43,44,45,42,41,49
47,48,50,51,52,53,54
54,48,49,46,47,50,55
51,50,55,56
53,54,55,56,57,58,59
52,51,56,59,60,61,62
60,52,53,57,63,64,65
63,60,61,66
65,57,58,67
64,63,66,68
67,58,59,62,69,70,71
68,66,61,62,71,72,73
72,68,64,65,67,69,74
73,71,70,75
74,69,70,75
74,72,73,75
