100001010001001001010001010

26,0,1,2,3,4,27
12,13,14,15,16,28,29
18,19,20,21,22,30,31
9,10,11,12,28,32,33
29,16,17,18,30,34,35
33,28,29,34
6,7,8,9,32,36,37
37,32,33,34,35,38,39
27,4,5,6,36,40,41
41,36,37,38
24,25,26,27,40,42,43
43,40,41,38,39,44,45
31,22,23,24,42,46,47
45,39,35,30,31,46,48
47,42,43,44,49,50,51
48,46,47,49,52,53,54
51,44,45,48,52,55,56
50,51,55,57
54,49,50,57
56,52,53,58,59,60,61
61,53,54,57,55,56,58
59,60,62,63,64,65,66
66,60,61,58,59,62,67
65,66,67,68
68,67,62,63,69,70,71
64,65,68,69,72,73,74
71,63,64,72,75,76,77
77,72,73,78
70,71,75,79
76,77,78,80
79,75,76,80,81,82,83
83,80,78,73,74,84,85
85,74,69,70,79,81,86
82,83,84,87
87,84,85,86
81,82,87,86
