12,11,10,9,8,16,17
2,3,4,5,6,18,19
14,15,0,1,2,18,20
16,12,13,14,20,21,22
19,6,7,8,17,23,24
23,19,18,20,22,25,26
21,16,17,24,27,28,29
25,23,24,29,30,31,32
27,21,22,26
31,30,33,34
34,30,25,26,27,28,35
35,28,29,32,36,37,38
36,35,34,33,39,40,41
41,33,31,32,38,42,43
37,38,43,44
39,36,37,44
40,41,42,45,46,47,48
48,42,43,44,39,40,45
46,47,49,50,51,52,53
53,47,48,45,46,49,54
52,53,54,55
55,54,49,50,56,57,58
51,52,55,56,59,60,61
59,60,62,63
62,59,51,50,58,64,65
57,58,65,66
64,62,63,67
66,65,64,67,68,69,70
70,67,63,60,61,71,72
72,61,56,57,66,68,73
69,70,71,74
74,71,72,73
68,69,74,73
