9,8,7,6,5,26,27
17,18,19,20,21,28,29
29,21,22,23
3,2,1,0,25,30,31
31,25,24,23,29,28,32
15,16,17,28,32,33,34
30,3,4,5,27,35,36
26,9,10,11,12,37,38
38,12,13,14,15,33,39
37,26,27,36
39,38,37,36,35,40,41
41,35,30,31,32,34,42
42,41,40,43,44,45,46
46,40,39,33,34,42,43
44,45,47,48,49,50,51
51,45,46,43,44,47,52
50,51,52,53
53,52,47,48,54,55,56
49,50,53,54,57,58,59
56,48,49,57,60,61,62
62,57,58,63
55,56,60,64
61,62,63,65
59,58,63,65,66,67,68
68,65,61,60,64,69,70
70,64,55,54,59,66,71
71,70,69,72
72,69,68,67
66,71,72,67
