26,0,1,2,3,4,27
10,9,8,7,6,28,29
22,21,20,19,18,30,31
13,12,11,10,28,32,33
29,6,5,4,27,34,35
33,28,29,34
35,27,26,25,24,36,37
16,15,14,13,32,38,39
39,32,33,34,35,36,40
37,24,23,22,30,41,42
40,36,37,41
38,39,40,41,42,43,44
31,18,17,16,38,43,45
44,43,45,46,47,48,49
49,45,31,30,42,44,46
48,47,50,51,52,53,54
50,48,49,46,47,54,55
55,54,53,56
51,50,55,56,57,58,59
59,56,53,52,60,61,62
62,52,51,57,63,64,65
63,62,61,66
64,63,66,67
58,57,65,68
68,65,64,67,69,70,71
71,67,66,61,60,72,73
73,60,59,58,68,69,74
74,73,72,75
75,72,71,70
69,74,75,70
