4,3,2,1,0,26,27
6,7,8,9,10,28,29
18,19,20,21,22,30,31
29,10,11,12,13,32,33
27,4,5,6,28,34,35
35,28,29,32
24,25,26,27,34,36,37
33,13,14,15,16,38,39
37,34,35,32,33,38,40
31,22,23,24,36,41,42
42,36,37,40
41,42,40,38,39,43,44
44,39,16,17,18,30,45
43,44,45,46,47,48,49
49,45,30,31,41,43,46
47,48,50,51,52,53,54
54,48,49,46,47,50,55
53,54,55,56
56,55,50,51,57,58,59
52,53,56,57,60,61,62
59,51,52,60,63,64,65
65,60,61,66
58,59,63,67
64,65,66,68
62,61,66,68,69,70,71
71,68,64,63,67,72,73
73,67,58,57,62,69,74
74,73,72,75
75,72,71,70
69,74,75,70
