4,3,2,1,0,12,13
6,7,8,9,10,14,15
15,10,11,12,13,16,17
17,13,4,5,6,14,18
16,17,18,19,20,21,22
22,18,14,15,16,19,23
20,21,24,25
25,21,22,23,26,27,28
28,23,19,20,24,29,30
27,28,29,31
30,24,25,26,32,33,34
31,29,30,32,35,36,37
34,26,27,31,35,38,39
33,34,38,40
37,32,33,40
39,35,36,41,42,43,44
44,36,37,40,38,39,41
42,43,45,46,47,48,49
49,43,44,41,42,45,50
50,49,48,51
46,45,50,51,52,53,54
54,51,48,47,55,56,57
57,47,46,52,58,59,60
58,57,56,61
59,58,61,62
53,52,60,63
63,60,59,62,64,65,66
66,62,61,56,55,67,68
68,55,54,53,63,64,69
69,68,67,70
70,67,66,65
64,69,70,65
