4,3,2,1,0,32,33
33,32,31,30
6,5,4,33,30,29,28
8,7,6,28,27,26,34
10,9,8,34
12,11,10,34,26,25,24
14,13,12,24,23,22,35
20,19,18,17,16,36,37
35,22,21,20,36,38,39
37,16,15,14,35,38,40
39,38,40,41,42,43,44
41,39,36,37,40,44,45
42,43,46,47
47,43,44,45,48,49,50
50,45,41,42,46,51,52
49,50,51,53
52,46,47,48,54,55,56
53,51,52,54,57,58,59
56,48,49,53,57,60,61
55,56,60,62
59,54,55,62
61,57,58,63,64,65,66
66,58,59,62,60,61,63
64,65,67,68,69,70,71
71,65,66,63,64,67,72
70,71,72,73
73,72,67,68,74,75,76
74,73,70,69,77,78,79
79,69,68,76,80,81,82
78,79,80,83
83,80,81,84
82,76,75,85
77,78,83,84,86,87,88
88,84,81,82,85,89,90
90,85,75,74,77,86,91
91,90,89,92
92,89,88,87
86,91,92,87
