14,13,12,11,10,16,17,18,19,20
2,1,0,15,14,16,21,22,23,24
24,16,17
22,23,25
21,22,25
4,3,2,21,25,23,24,17,18,26
26,18,19
20,10,9,8,27,28,29,30,31,32
32,8,7,6,5,4,26,19,20,27
31,30,33
33,31,32,27,28,34,35,36,37,38
37,36,39
38,37,39
29,28,38,39,36,35,40,41,42,43
43,35,34
40,41,44
44,41,42,45,46,47,48,49,50,51
51,42,43,34,33,30,29,40,44,45
49,48,52
47,48,52
46,45,51,50,53,54,55,56,57,58
58,50,49,52,47,46,53,59,60,61
59,58,57
54,53,61
56,55,62
60,59,57,56,62,63,64,65,66,67
67,62,55,54,61,60,63,68,69,70
68,67,66
64,63,70
69,68,66,65,71,72,73,74,75,76
72,73,77
71,72,77
76,65,64,70,69,71,77,73,74,78
78,76,75
74,78,75
