20,19,18
24,23,22,21,20,18,17,16,15,14,13,27,28,29
7,6,5
11,10,9,8,7,5,4,3,2,1,0,26,30,31
27,28,32
32,28,29
30,11,12,13,29,32,27,24,25,26,31,33,34,35
35,34,36
33,30,31,35,36,37,38,39,40,41,42,43,44,45
42,41,46
46,42,43
39,38,47
37,38,47
40,39,47,37,33,34,36,45,48,49,50,51,52,53
44,45,53
48,40,41,46,43,44,53,52,54,55,56,57,58,59
51,52,59
54,48,49
57,56,60
55,56,60
58,57,60,55,54,49,50,61,62,63,64,65,66,67
62,63,68
61,62,68
67,50,51,59,58,61,68,63,64,69,70,71,72,73
66,67,69
73,64,65
70,71,74
72,73,65,66,69,70,74,75,76,77,78,79,80,81
77,78,82
82,78,79
75,76,83
80,81,84
83,76,77,82,79,80,84,85,86,87,88,89,90,91
91,84,81,74,71,72,75,83,85,92,93,94,95,96
87,88,97
86,87,97
93,94,98
98,93,92
89,90,99
95,96,100
99,90,91,92,98,94,95,100,101,102,103,104,105,106
102,103,107
107,102,101
106,100,96,85,86,97,88,89,99,101,107,103,104,108
105,106,108
104,105,108
