26,0,1,2,3,4,5,27,28,29,30
24,25,26,27
30,5,6,7
20,21,22,23,24,27,28,31,32,33,34
18,19,20,31
13,14,15,16,17,18,31,32,35,36,37
11,12,13,35
29,30,7,8,9,10,11,35,36,38,39
34,28,29,38
39,36,37,40
40,37,32,33,41,42,43,44,45,46,47
47,33,34,38,39,40,41,48,49,50,51
46,47,48,52
51,41,42,53
45,46,52,54
54,52,48,49
53,42,43,55
55,43,44,56
50,51,53,55,56,57,58,59,60,61,62
62,56,44,45,54,49,50,57,63,64,65
61,62,63,66
65,57,58,67
60,61,66,68
68,66,63,64
59,60,68,64,65,67,69,70,71,72,73
70,71,74,75
72,71,75,76
69,70,74,77
76,72,73,78
77,74,75,76,78,79,80,81,82,83,84
84,78,73,67,58,59,69,77,79,85,86
83,84,85,87
87,85,86,88
80,81,89,90
90,81,82,91
89,90,91,92
92,91,82,83,87,88,93,94,95,96,97
97,88,86,79,80,89,92,93,98,99,100
94,95,101,102
102,95,96,103
101,102,103,104
98,99,105,106
106,99,100,107
105,106,107,108
104,103,96,97,98,105,108,109,110,111,112
112,108,107,100,93,94,101,104,109,113,114
111,112,113,115
110,111,115,116
116,115,113,114
109,110,116,114
