10,9,8,7,6
12,11,10,6,5,4,13,14,15,16,17,18
18,4,3,2,1,0,12,13,19,20,21,22
19,18,17,23,24
20,19,23,25,26
24,17,16,27,28
26,23,24,27,29
21,20,25,30,31
31,25,26,29,32
32,29,27,28,33
33,28,16,15,34
30,31,32,33,34
14,13,22,35,36
35,36,37,38,39
37,35,14,15,34,30,21,22,36,39,40,41
41,39,38,42,43
43,38,37,40,44
44,43,42,45,46
45,46,47,48,49
49,46,42,41,40,44,45,47,50,51,52,53
50,49,48,54,55
55,48,47,53,56
56,53,52,57,58
51,50,54,59,60
58,52,51,59,61
60,59,61,62,63
63,61,58,57,64
62,63,64,65,66
66,64,57,56,55,54,60,62,65,67,68,69
69,68,70,71,72
72,68,67,73,74
71,72,73,75,76
70,71,75,77,78
74,67,66,65,69,70,77,79,80,81,82,83
79,74,73,76,84
84,76,75,78,85
82,81,86,87,88
80,81,88,89,90
87,88,90,91,92
83,82,86,93,94
94,86,87,91,95
95,91,92,96,97
93,94,95,96,98
97,92,90,89,99
98,96,97,99,100
100,99,89,80,79,84,85,101,102,103,104,105
105,85,78,77,83,93,98,100,101,106,107,108
106,105,104,109,110
107,106,109,111,112
108,107,111,113,114
102,101,108,113,115
115,113,114,116,117
117,114,111,112,118
118,112,109,110,119
116,117,118,119,120
120,119,110,104,103
102,115,116,120,103
