2,3,4,18
8,9,10,19
18,4,5,6,7,8,19,20,21,22,23
23,19,10,11,12,13,14,24,25,26,27
27,14,15,16
26,27,16,17,0,1,2,18,20,28,29
22,23,24,30
25,26,28,31
30,24,25,31
21,22,30,31,28,29,32,33,34,35,36
33,34,37,38
38,34,35,39
32,33,37,40
39,35,36,41
40,37,38,39,41,42,43,44,45,46,47
47,41,36,29,20,21,32,40,42,48,49
46,47,48,50
50,48,49,51
43,44,52,53
53,44,45,54
52,53,54,55
55,54,45,46,50,51,56,57,58,59,60
60,51,49,42,43,52,55,56,61,62,63
57,58,64,65
65,58,59,66
64,65,66,67
61,62,68,69
63,62,69,70
68,69,70,71
67,66,59,60,61,68,71,72,73,74,75
75,71,70,63,56,57,64,67,72,76,77
74,75,76,78
73,74,78,79
79,78,76,77
72,73,79,77
