11,10,9,8,7,6,14,15,16,17,18,19,20
16,17,21
15,16,21
19,20,22
18,19,22
14,15,21,17,18,22,20,6,5,4,23,24,25
24,25,26
13,0,1,2,3,4,25,26,27,28,29,30,31
29,28,32
32,28,27
30,29,32,27,13,12,11,14,23,33,34,35,36
33,30,31
36,35,37
37,36,23,24,26,31,33,34,38,39,40,41,42
42,41,43
38,39,44
44,38,37,35,34,42,43,45,46,47,48,49,50
46,47,51
45,46,51
48,49,52
40,39,44,45,51,47,48,52,53,54,55,56,57
54,55,58
58,54,53
50,43,41,40,53,58,55,56,59,60,61,62,63
57,56,63
62,61,64
59,50,49,52,57,63,62,64,65,66,67,68,69
60,59,65
66,67,70
68,69,71
71,69,64,61,60,65,66,70,72,73,74,75,76
76,75,77
72,73,78
78,72,71,68,67,70,76,77,79,80,81,82,83
80,81,84
79,80,84
82,83,85
74,73,78,79,84,81,82,85,86,87,88,89,90
86,87,91
90,85,83,77,75,74,86,91,92,93,94,95,96
92,90,89
95,94,97
93,94,97
96,95,97,93,92,89,88,98,99,100,101,102,103
99,100,104
98,99,104
103,88,87,91,96,98,104,100,101,105,106,107,108
105,103,102
108,107,109
109,108,101,102,105,106,110,111,112,113,114,115,116
114,113,117
112,113,117
116,115,118
110,111,119
118,115,114,117,112,111,119,120,121,122,123,124,125
121,122,126
120,121,126
125,119,110,109,107,106,116,118,120,126,122,123,127
127,125,124
123,127,124
