9,8,7,6,14
11,10,9,14,15
13,12,11,15,16
4,3,2,17,18
16,15,14,6,5,4,17,19,20,21,22,23
18,2,1,0,13,16,19,24,25,26,27,28
24,18,17,23,29
25,24,29,30,31
31,29,23,22,32
26,25,30,33,34
34,30,31,32,35
35,32,22,21,36
33,34,35,36,37
27,26,33,37,38
28,27,38,39,40
20,19,28,39,41
41,39,40,42,43
43,40,38,37,36,21,20,41,42,44,45,46
46,45,47,48,49
49,45,44,50,51
48,49,50,52,53
47,48,52,54,55
51,44,43,42,46,47,54,56,57,58,59,60
56,51,50,53,61
61,53,52,55,62
59,58,63,64,65
60,59,63,66,67
67,63,64,68,69
65,58,57,70,71
69,64,65,70,72
68,69,72,73,74
66,67,68,73,75
74,72,70,71,76
75,73,74,76,77
77,76,71,57,56,61,62,78,79,80,81,82
82,62,55,54,60,66,75,77,78,83,84,85
83,82,81,86,87
84,83,86,88,89
85,84,88,90,91
79,78,85,90,92
92,90,91,93,94
94,91,88,89,95
95,89,86,87,96
93,94,95,96,97
97,96,87,81,80
79,92,93,97,80
