16,15,14
10,9,8
4,3,2,18,19,20,21,22,23,24,25,26,27,28,29,30,31
31,2,1,0,17,16,14,13,12,11,10,8,7,6,5,4,18
25,24,32
26,25,32
20,19,33
21,20,33
29,28,34
30,29,34
22,21,33,19,18,31,30,34,28,27,35,36,37,38,39,40,41
23,22,35
36,37,42
38,37,42
41,27,26,32,24,23,35,36,42,38,39,43,44,45,46,47,48
43,41,40
47,46,49
49,47,48
44,43,40,39,48,49,46,45,50,51,52,53,54,55,56,57,58
53,54,59
59,54,55
50,51,60
60,51,52
58,45,44,50,60,52,53,59,55,56,61,62,63,64,65,66,67
66,65,68
68,65,64
57,56,67
63,62,69
69,63,64,68,66,67,57,58,61,70,71,72,73,74,75,76,77
76,75,78
77,76,78
74,73,79
70,71,80
80,70,69,62,61,77,78,75,74,79,81,82,83,84,85,86,87
86,85,88
84,85,88
82,81,89
83,82,89
87,86,88,84,83,89,81,80,71,72,90,91,92,93,94,95,96
90,91,97
97,91,92
96,72,73,79,87,90,97,92,93,98,99,100,101,102,103,104,105
99,100,106
98,99,106
104,105,107
103,104,107
94,95,108
102,101,109
109,101,100,106,98,96,95,108,110,111,112,113,114,115,116,117,118
115,114,119
113,114,119
117,116,120
120,117,118
110,109,102,103,107,105,93,94,108,118,120,116,115,119,113,112,121
111,112,121
110,111,121
