4,5,6
13,0,1,2,3,4,6,7,8,9,10,11,14,15,16,17
14,15,18
17,16,19
19,17,11,12,13,14,18,20,21,22,23,24,25,26,27,28
23,24,29
22,23,29
26,27,30
30,27,28
25,26,30,28,18,15,16,19,20,31,32,33,34,35,36,37
37,20,21
31,32,38
36,37,21,22,29,24,25,31,38,39,40,41,42,43,44,45
41,42,46
40,41,46
43,44,47
47,44,45
39,40,46,42,43,47,45,38,32,33,48,49,50,51,52,53
51,52,54
53,52,54
48,49,55
55,49,50
35,36,39,48,55,50,51,54,53,33,34,56,57,58,59,60
57,58,61
61,57,56
60,34,35,56,61,58,59,62,63,64,65,66,67,68,69,70
65,66,71
71,66,67
62,63,72
72,63,64
70,59,60,62,72,64,65,71,67,68,73,74,75,76,77,78
69,70,73
75,76,79
74,75,79
78,68,69,73,74,79,76,77,80,81,82,83,84,85,86,87
81,82,88
88,81,80
83,84,89
86,87,90
89,83,82,88,80,78,77,87,90,91,92,93,94,95,96,97
95,94,98
96,95,98
91,92,99
99,92,93
85,84,89,91,99,93,94,98,96,97,100,101,102,103,104,105
101,102,106
100,101,106
105,97,90,86,85,100,106,102,103,107,108,109,110,111,112,113
107,105,104
112,111,114
113,112,114
110,109,115
108,107,104,103,113,114,111,110,115,116,117,118,119,120,121,122
118,119,123
120,119,123
116,117,124
122,121,125
125,121,120,123,118,117,124,126,127,128,129,130,131,132,133,134
131,130,135
135,130,129
133,132,136
134,133,136
126,125,122,115,109,108,116,124,134,136,132,131,135,129,128,137
137,128,127
126,137,127
