14,13,12,11,10,18,19
8,7,6,5,4,20,21
2,1,0,17,16,22,23
23,16,15,14,18,24,25
19,10,9,8,20,26,27
25,18,19,26
21,4,3,2,22,28,29
27,26,25,24,30,31,32
32,24,23,22,29,33,34
28,21,20,27,30,35,36
34,29,28,35
36,35,34,33,37,38,39
39,33,32,31,40,41,42
42,31,30,36,37,43,44
40,39,38,45
45,38,37,44
43,42,41,46,47,48,49
49,41,40,45,44,43,46
48,47,50,51,52,53,54
50,48,49,46,47,54,55
55,54,53,56
51,50,55,56,57,58,59
59,56,53,52,60,61,62
62,52,51,57,63,64,65
63,62,61,66
64,63,66,67
58,57,65,68
68,65,64,67,69,70,71
71,67,66,61,60,72,73
73,60,59,58,68,69,74
74,73,72,75
75,72,71,70
69,74,75,70
