13,12,11,10,9,8,18
4,3,2,1,0,17,19
19,17,16,15,20,21,22
22,15,14,13,18,23,24
24,18,8,7,6,25,26
26,6,5,4,19,20,27
27,26,25,28
28,25,24,23,29,30,31
21,20,27,28,29,32,33
31,23,22,21,32,34,35
33,32,35,36
30,29,33,36,37,38,39
39,36,35,34,40,41,42
42,34,31,30,37,43,44
40,39,38,45
45,38,37,44
43,42,41,46,47,48,49
49,41,40,45,44,43,46
48,47,50,51,52,53,54
54,47,46,49,48,50,55
55,54,53,56
51,50,55,56,57,58,59
59,56,53,52,60,61,62
62,52,51,57,63,64,65
63,62,61,66
64,63,66,67
58,57,65,68
68,65,64,67,69,70,71
71,67,66,61,60,72,73
73,60,59,58,68,69,74
74,73,72,75
75,72,71,70
69,74,75,70
