6,7,8,9,10
4,5,6,10,11,12,13,14,15,16,17,18
18,12,0,1,2,3,4,13,19,20,21,22
17,18,19,23,24
16,17,23,25,26
24,19,20,27,28
26,23,24,27,29
15,16,25,30,31
31,25,26,29,32
32,29,27,28,33
33,28,20,21,34
30,31,32,33,34
22,13,14,35,36
35,36,37,38,39
39,36,14,15,30,34,21,22,35,37,40,41
38,39,40,42,43
41,37,38,42,44
44,42,43,45,46
45,46,47,48,49
49,46,43,40,41,44,45,47,50,51,52,53
48,49,50,54,55
53,47,48,54,56
52,53,56,57,58
55,50,51,59,60
60,51,52,57,61
58,57,61,62,63
63,61,60,59,64
62,63,64,65,66
66,64,59,55,54,56,58,62,65,67,68,69
69,68,70,71,72
67,68,72,73,74
71,72,74,75,76
70,71,75,77,78
73,67,66,65,69,70,77,79,80,81,82,83
76,74,73,79,84
84,76,75,78,85
82,81,86,87,88
80,81,88,89,90
87,88,90,91,92
83,82,86,93,94
94,86,87,91,95
95,91,92,96,97
93,94,95,96,98
97,92,90,89,99
98,96,97,99,100
100,99,89,80,79,84,85,101,102,103,104,105
105,85,78,77,83,93,98,100,101,106,107,108
106,105,104,109,110
107,106,109,111,112
108,107,111,113,114
102,101,108,113,115
115,113,114,116,117
117,114,111,112,118
118,112,109,110,119
116,117,118,119,120
120,119,110,104,103
102,115,116,120,103
