2,3,4
14,15,0,1,2,4,5,6,7,8,16,17,18,19
17,18,20
20,17,16
19,18,20,16,14,13,12,11,10,21,22,23,24,25
22,23,26
21,22,26
25,10,9,8,19,21,26,23,24,27,28,29,30,31
30,29,32
31,30,32
27,25,24,31,32,29,28,33,34,35,36,37,38,39
34,35,40
33,34,40
39,28,27,33,40,35,36,41,42,43,44,45,46,47
45,44,48
46,45,48
42,41,49
43,42,49
47,46,48,44,43,49,41,39,38,50,51,52,53,54
54,38,37
50,51,55
53,52,56
56,53,54,37,36,47,50,55,57,58,59,60,61,62
61,60,63
62,61,63
57,56,52,51,55,62,63,60,59,64,65,66,67,68
68,59,58
64,65,69
66,67,70
70,67,68,58,57,64,69,71,72,73,74,75,76,77
76,75,78
77,76,78
71,70,66,65,69,77,78,75,74,79,80,81,82,83
83,74,73
72,71,79
80,81,84
82,83,73,72,79,80,84,85,86,87,88,89,90,91
89,88,92
87,88,92
91,90,93
85,86,94
94,86,87,92,89,90,93,95,96,97,98,99,100,101
95,94,85,82,81,84,91,93,101,102,103,104,105,106
103,104,107
102,103,107
99,98,108
108,99,100
105,106,109
96,97,110
109,106,101,100,108,98,97,110,111,112,113,114,115,116
112,113,117
111,112,117
114,115,118
116,110,96,95,102,107,104,105,109,111,117,113,114,118
115,118,116
