6,7,8,9,10
4,5,6,10,11,12,13,14,15,16,17,18,19
19,12,0,1,2,3,4,13,20,21,22,23,24
18,19,20,25,26
17,18,25,27,28
26,20,21,29,30
28,25,26,29,31
16,17,27,32,33
33,27,28,31,34
34,31,29,30,35
35,30,21,22,36
32,33,34,35,36
24,13,14,37,38
23,24,37,39,40
38,14,15,41,42
40,37,38,41,43
42,15,16,32,36,22,23,39,44,45,46,47,48
43,41,42,44,49
48,39,40,43,49
45,46,50,51,52
52,46,47,53,54
51,52,53,55,56
50,51,55,57,58
54,47,48,49,44,45,50,57,59,60,61,62,63
56,53,54,59,64
58,55,56,64,65
65,64,59,60,66
63,57,58,65,66
61,62,67,68,69
67,61,60,66,63,62,69,70,71,72,73,74,75
68,69,75,76,77
70,67,68,76,78
74,75,77,79,80
80,77,76,78,81
81,78,70,71,82
79,80,81,82,83
73,74,79,83,84
72,73,84,85,86
85,86,87,88,89
89,86,84,83,82,71,72,85,87,90,91,92,93
88,89,90,94,95
93,87,88,94,96
91,92,97,98,99
97,98,100,101,102
102,98,99,103,104
103,102,101,105,106
100,101,106,107,108
105,103,104,109,110
108,106,105,109,111
107,108,111,112,113
113,111,109,110,114
112,113,114,115,116
116,114,110,104,99,92,93,96,117,118,119,120,121
121,96,94,95,122
122,95,90,91,97,100,107,112,115,123,124,125,126
120,121,122,123,127
126,115,116,117,128
119,120,127,129,130
130,127,123,124,131
118,119,129,132,133
133,129,130,131,134
134,131,124,125,135
132,133,134,135,136
136,135,125,126,128
117,118,132,136,128
