20,19,18
24,23,22,21,20,18,17,16,15,14,13
5,4,3,2,1,0,26,27,28,29,30
30,26,25,24,13,12,11,31,32,33,34
29,30,31
33,34,35
35,34,11,10,9,8,7,36,37,38,39
37,38,40
40,37,36
32,33,35,36,40,38,39,41,42,43,44
42,43,45
41,42,45
28,29,31,32,41,45,43,44,46,47,48
48,44,39,7,6,5,27,49,50,51,52
50,49,53
51,50,53
47,46,54
54,46,28,27,52,55,56,57,58,59,60
60,52,51,53,49,48,47,54,55,61,62
61,60,59
56,55,62
57,56,62,61,59,58,63,64,65,66,67
64,65,68
63,64,68
67,58,57,63,68,65,66,69,70,71,72
72,71,73
69,70,74
73,72,66,67,69,74,75,76,77,78,79
78,77,80
80,77,76
79,78,80,76,75,81,82,83,84,85,86
86,75,73,71,70,74,79,81,87,88,89
87,86,85
82,81,89
84,83,90
90,84,85,87,88,91,92,93,94,95,96
95,94,97
96,95,97
91,90,83,82,89,88,96,97,94,93,98
98,93,92
91,98,92
