16,15,14,18
10,9,8,19
4,3,2,20
18,14,13,12,11,10,19,21,22,23,24,25,26
26,19,8,7,6,5,4,20,27,28,29,30,31
31,20,2,1,0,17,16,18,21,32,33,34,35
32,31,30,36
27,26,25,37
22,21,35,38
38,35,34,39
23,22,38,39
36,30,29,40
33,32,36,40
24,23,39,34,33,40,29,28,41,42,43,44,45
45,28,27,37
41,42,46,47
43,42,47,48
44,45,37,25,24,41,46,49,50,51,52,53,54
48,47,46,54
52,51,55,56
53,52,55,57
57,55,56,58
49,44,43,48,54,53,57,58,59,60,61,62,63
50,49,59,64
64,59,60,65
65,60,61,66
63,58,56,51,50,64,65,66,67,68,69,70,71
62,61,66,71
69,68,72,73
70,69,72,74
74,72,73,75
67,63,62,71,70,74,75,76,77,78,79,80,81
78,79,82,83
77,78,82,84
83,79,80,85
84,82,83,85
76,77,84,85,80,81,86,87,88,89,90,91,92
92,81,75,73,68,67,76,86,93,94,95,96,97
93,92,91,98
94,93,98,99
99,98,91,90
87,86,97,100
100,97,96,101
88,87,100,101
95,94,99,90,89,102,103,104,105,106,107,108,109
104,105,110,111
110,104,103,112
112,110,111,113
102,103,112,113
106,107,114,115
109,89,88,101,96,95,102,113,111,105,106,114,116
115,114,116,117
117,116,109,108
107,115,117,108
