10,9,8,16
4,3,2,17
16,8,7,6,5,4,17,18,19,20,21
19,20,22,23
14,13,12,11,10,16,18,24,25,26,27
24,14,15,0,1,2,17,21,28,29,30
30,21,20,23
29,30,23,22
25,24,28,31
31,28,29,22,19,18,27,32,33,34,35
35,27,26,36
33,34,37,38
32,33,37,39
39,37,38,40
40,38,34,35,36,41,42,43,44,45,46
46,36,26,25,31,32,39,40,41,47,48
47,46,45,49
48,47,49,50
44,43,51,52
42,43,52,53
51,52,53,54
50,49,45,44,51,54,55,56,57,58,59
59,54,53,42,41,48,50,55,60,61,62
62,61,63,64
64,61,60,65
63,64,65,66
58,57,67,68
68,57,56,69
67,68,69,70
66,65,60,59,58,67,70,71,72,73,74
74,70,69,56,55,62,63,66,71,75,76
75,74,73,77
76,75,77,78
78,77,73,72
71,76,78,72
