11,12,13
7,8,9,10,11,13,14,15,16,17,18
26,0,1,2,3,4,5,27,28,29,30
30,5,6,7,18,19,20,31,32,33,34
29,30,31
33,34,35
35,34,20,21,22,23,24,36,37,38,39
37,38,40
36,37,40
32,33,35,36,40,38,39,41,42,43,44
42,43,45
45,42,41
28,29,31,32,41,45,43,44,46,47,48
48,44,39,24,25,26,27,49,50,51,52
49,50,53
53,50,51
46,47,54
52,27,28,46,54,55,56,57,58,59,60
60,54,47,48,49,53,51,52,55,61,62
59,60,61
62,55,56
58,59,61,62,56,57,63,64,65,66,67
64,65,68
63,64,68
67,57,58,63,68,65,66,69,70,71,72
69,70,73
72,71,74
74,72,66,67,69,73,75,76,77,78,79
76,77,80
80,77,78
75,76,80,78,79,81,82,83,84,85,86
86,79,73,70,71,74,75,81,87,88,89
85,86,87
89,81,82
83,84,90
90,84,85,87,88,91,92,93,94,95,96
92,93,97
91,92,97
96,88,89,82,83,90,91,97,93,94,98
95,96,98
94,95,98
