5,4,3,2,1,0,26,27,28,29,30
30,26,25,24
7,6,5,27
29,30,24,23,22,21,20,31,32,33,34
34,20,19,18
33,34,18,17,16,15,14,13,35,36,37
37,13,12,11
36,37,11,10,9,8,7,27,28,38,39
31,29,28,39
38,36,35,40
40,35,33,32,41,42,43,44,45,46,47
47,32,31,39,38,40,41,48,49,50,51
48,47,46,52
42,41,51,53
52,46,45,54
49,48,52,54
43,42,53,55
44,43,55,56
56,55,53,51,50,57,58,59,60,61,62
62,50,49,54,45,44,56,57,63,64,65
63,62,61,66
58,57,65,67
66,61,60,68
64,63,66,68
67,65,64,68,60,59,69,70,71,72,73
70,71,74,75
75,71,72,76
69,70,74,77
76,72,73,78
77,74,75,76,78,79,80,81,82,83,84
84,78,73,59,58,67,69,77,79,85,86
85,84,83,87
86,85,87,88
82,81,89,90
90,81,80,91
89,90,91,92
88,87,83,82,89,92,93,94,95,96,97
97,92,91,80,79,86,88,93,98,99,100
100,99,101,102
98,99,102,103
101,102,103,104
96,95,105,106
106,95,94,107
105,106,107,108
104,103,98,97,96,105,108,109,110,111,112
112,108,107,94,93,100,101,104,109,113,114
113,112,111,115
114,113,115,116
116,115,111,110
109,114,116,110
