20,19,18
24,23,22,21,20,18,17,16,15,14,13,27,28,29,30,31,32
7,6,5
11,10,9,8,7,5,4,3,2,1,0,26,33,34,35,36,37
28,29,38
27,28,38
34,35,39
39,35,36
31,32,40
30,31,40
37,26,25,24,27,38,29,30,40,32,13,12,11,33,41,42,43
43,42,44
41,37,36,39,34,33,43,44,45,46,47,48,49,50,51,52,53
48,49,54
54,49,50
45,46,55
55,46,47
53,44,42,41,45,55,47,48,54,50,51,56,57,58,59,60,61
56,53,52
60,59,62
62,60,61
57,56,52,51,61,62,59,58,63,64,65,66,67,68,69,70,71
66,67,72
72,67,68
63,64,73
73,64,65
71,58,57,63,73,65,66,72,68,69,74,75,76,77,78,79,80
74,71,70
79,78,81
81,79,80
77,76,82
75,74,70,69,80,81,78,77,82,83,84,85,86,87,88,89,90
84,85,91
83,84,91
86,87,92
90,89,93
92,86,85,91,83,75,76,82,90,93,94,95,96,97,98,99,100
96,97,101
95,96,101
99,100,102
98,99,102
94,95,101,97,98,102,100,93,89,88,103,104,105,106,107,108,109
104,105,110
110,104,103
109,88,87,92,94,103,110,105,106,111,112,113,114,115,116,117,118
117,116,119
118,117,119
113,112,120
120,112,111
115,114,121
107,108,122
122,108,109,111,120,113,114,121,123,124,125,126,127,128,129,130,131
128,127,132
126,127,132
130,129,133
131,130,133
125,126,132,128,129,133,131,121,115,116,119,118,106,107,122,123,134
124,125,134
123,124,134
