4,5,6
10,11,12,13,14,15,16,17,18,19,20,21,22
22,12,0,1,2,3,4,6,7,8,9,10,13
16,17,23
15,16,23
19,20,24
18,19,24
14,15,23,17,18,24,20,21,25,26,27,28,29
25,26,30
28,29,31
30,25,14,13,22,21,29,31,32,33,34,35,36
35,34,37
37,35,36
33,32,38
27,28,31,36,37,34,33,38,39,40,41,42,43
39,40,44
43,38,32,30,26,27,39,44,45,46,47,48,49
42,43,45
47,48,50
46,47,50
41,42,45,46,50,48,49,51,52,53,54,55,56
52,53,57
51,52,57
56,49,44,40,41,51,57,53,54,58,59,60,61
55,56,58
59,60,62
61,54,55,58,59,62,63,64,65,66,67,68,69
65,66,70
70,66,67
63,64,71
68,69,72
72,68,67,70,65,64,71,73,74,75,76,77,78
77,76,79
79,77,78
73,72,69,62,60,61,63,71,78,79,76,75,80
74,75,80
73,74,80
