16,15,14
2,1,0,17,16,14,13,12,11,10,18
8,7,6,5,4,19,20,21,22,23,24
20,21,25
19,20,25
18,10,9,8,19,25,21,22,26,27,28
26,27,29
23,22,28
24,23,28,27,29,30,31,32,33,34,35
30,24,4,3,2,18,26,29,35,36,37
37,35,34
31,30,36
32,31,36,37,34,33,38,39,40,41,42
39,40,43
43,39,38
42,33,32,38,43,40,41,44,45,46,47
47,46,48
45,44,49
48,47,41,42,44,49,50,51,52,53,54
53,52,55
55,52,51
54,53,55,51,50,56,57,58,59,60,61
61,50,48,46,45,49,54,56,62,63,64
62,61,60
57,56,64
59,58,65
63,62,60,59,65,66,67,68,69,70,71
67,68,72
66,67,72
71,65,58,57,64,63,66,72,68,69,73
73,71,70
69,73,70
