10,9,8
14,13,12,11,10,8,7,6,5,4,16,17,18
16,17,19
2,1,0,15,14,16,19,20,21,22,23,24,25
21,22,26
20,21,26
18,4,3,2,20,26,22,23,27,28,29,30,31
24,23,31
29,28,32
27,28,32
30,29,32,27,18,17,19,25,33,34,35,36,37
33,34,38
36,37,39
39,37,25,24,31,30,33,38,40,41,42,43,44
43,42,45
45,43,44
41,40,46
35,34,38,44,45,42,41,46,47,48,49,50,51
47,48,52
52,47,35,36,39,40,46,51,53,54,55,56,57
50,51,57
55,54,58
56,55,58
49,50,57,56,58,54,53,59,60,61,62,63,64
60,61,65
59,60,65
64,53,52,48,49,59,65,61,62,66,67,68,69
66,67,70
70,67,68
63,64,66,70,68,69,71,72,73,74,75,76,77
73,74,78
78,74,75
71,72,79
77,76,80
80,76,75,78,73,72,79,81,82,83,84,85,86
85,84,87
86,85,87
83,82,88
81,80,77,69,62,63,71,79,86,87,84,83,88
81,82,88
