10,9,8,7,6
12,11,10,6,5,4,13,14,15
15,4,3,2,1,0,12,13,16
16,15,14,17,18
17,18,19,20,21
21,18,14,13,16,17,19,22,23
22,21,20,24,25
25,20,19,23,26
24,25,26,27,28
28,26,23,22,24,27,29,30,31
31,30,32,33,34
34,30,29,35,36
36,29,28,27,31,32,37,38,39
37,36,35,40,41
41,35,34,33,42
42,33,32,39,43
40,41,42,43,44
44,43,39,38,45,46,47,48,49
49,38,37,40,44,45,50,51,52
50,49,48,53,54
51,50,53,55,56
52,51,55,57,58
46,45,52,57,59
59,57,58,60,61
61,58,55,56,62
62,56,53,54,63
60,61,62,63,64
64,63,54,48,47
46,59,60,64,47
