14,13,12,11,10
2,1,0,15,14,10,9,8,16,17,18,19,20
4,3,2,16,21
21,16,17,22,23
20,8,7,6,5,4,21,22,24,25,26,27,28
23,22,28,29,30
18,17,23,29,31
30,28,27,32,33
31,29,30,32,34
19,18,31,34,35
24,20,19,35,36
36,35,34,32,33
26,25,37,38,39
39,25,24,36,33,27,26,37,40,41,42,43,44
40,39,38,45,46
46,38,37,44,47
47,44,43,48,49
45,46,47,48,50
41,40,45,50,51
49,43,42,52,53
53,42,41,51,54
54,53,52,55,56
55,56,57,58,59
59,56,52,49,48,50,51,54,55,57,60,61,62
60,59,58,63,64
64,58,57,62,65
63,64,65,66,67
67,65,62,61,68
66,67,68,69,70
69,70,71,72,73
73,70,68,61,60,63,66,69,71,74,75,76,77
74,73,72,78,79
79,72,71,77,80
76,75,81,82,83
83,82,84,85,86
86,82,81,87,88
85,86,87,89,90
84,85,89,91,92
88,87,90,93,94
94,90,89,92,95
93,94,95,96,97
97,95,92,91,98
78,79,80,99,100
100,80,77,76,81,88,93,96,101,102,103,104,105
98,91,84,83,75,74,78,99,106,107,108,109,110
106,98,97,96,105
107,106,105,104,111
101,100,99,110,112
112,110,109,113,114
102,101,112,113,115
115,113,114,116,117
117,114,109,108,118
116,117,118,119,120
120,118,108,107,111
119,120,111,104,103
102,115,116,119,103
