24,23,22,21,20
11,10,9,8,7
5,4,3,2,1,0,26,27,28,29,30,31,32
32,26,25,24,20,19,18,33,34,35,36,37,38
31,32,33,39,40
40,33,34,41,42
39,40,41,43,44
30,31,39,43,45
42,34,35,46,47
44,41,42,46,48
45,43,44,48,49
49,48,46,47,50
29,30,45,49,50
13,12,11,7,6,5,27,51,52,53,54,55,56
38,18,17,16,15,14,13,51,57,58,59,60,61
52,51,61,62,63
63,61,60,64,65
53,52,62,66,67
67,62,63,64,68
65,60,59,69,70
68,64,65,69,71
66,67,68,71,72
54,53,66,72,73
73,72,71,69,70
57,38,37,74,75
75,37,36,76,77
74,75,76,78,79
58,57,74,78,80
79,76,77,81,82
80,78,79,81,83
82,77,36,35,47,50,29,28,84,85,86,87,88
83,81,82,84,89
55,54,73,70,59,58,80,83,89,90,91,92,93
93,89,84,85,94
88,28,27,56,95
95,56,55,90,96
96,95,88,87,97
86,85,94,98,99
99,94,93,92,100
98,99,100,101,102
102,100,92,91,103
101,102,103,104,105
104,105,106,107,108
108,105,103,91,90,96,97,109,110,111,112,113,114
114,97,87,86,98,101,104,106,115,116,117,118,119
109,108,107,120,121
121,107,106,119,122
122,119,118,123,124
123,122,121,120,125
125,120,109,110,126
124,123,125,126,127
117,118,124,127,128
128,127,126,110,111
116,117,128,111,112
113,114,115,129,130
129,130,131,132,133
133,130,115,116,112,113,129,131,134,135,136,137,138
132,133,134,139,140
138,131,132,139,141
137,138,141,142,143
143,141,139,140,144
144,140,134,135,145
136,137,142,146,147
145,135,136,146,148
148,146,147,149,150
149,150,151,152,153
153,150,147,142,143,144,145,148,149,151,154,155,156
152,153,154,157,158
156,151,152,157,159
155,156,159,160,161
161,159,157,158,162
160,161,162,163,164
163,164,165,166,167
165,163,160,155,154,158,162,164,167,168,169,170,171
166,167,171,172,173
168,165,166,172,174
169,170,175,176,177
175,176,178,179,180
177,176,180,181,182
179,180,182,183,184
181,182,184,185,186
183,179,178,187,188
186,184,183,187,189
185,186,189,190,191
191,189,187,188,192
174,172,173,193,194
194,173,171,170,177,181,185,190,195,196,197,198,199
192,191,190,199,200
193,174,168,169,175,178,188,192,200,201,202,203,204
198,199,200,204,205
201,193,194,195,206
197,198,205,207,208
208,205,204,203,209
196,197,207,210,211
211,207,208,209,212
212,209,203,202,213
210,211,212,213,214
214,213,202,201,206
195,196,210,214,206
