30,0,1,2,3,4,5
13,14,15,16,17,18,31
28,29,30,5,6,7,32
32,7,8,9,10,11,33
26,27,28,32,33,34,35
35,33,11,12,13,31,36
22,23,24,25,26,34,37
36,31,18,19,20,38,39
37,34,35,36,38,40,41
39,20,21,22,37,40,42
42,40,41,43,44,45,46
46,41,38,39,42,43,47
44,45,48,49
47,46,45,49,50,51,52
50,47,43,44,48,53,54
51,50,53,55
54,48,49,52,56,57,58
56,54,53,55,59,60,61
61,55,51,52,58,62,63
57,58,63,64
59,56,57,64
60,61,62,65,66,67,68
68,62,63,64,59,60,65
66,67,69,70,71,72,73
69,66,65,68,67,73,74
72,73,74,75
75,74,69,70,76,77,78
71,72,75,76,79,80,81
78,70,71,79,82,83,84
84,79,80,85
77,78,82,86
83,84,85,87
86,82,83,87,88,89,90
90,87,85,80,81,91,92
92,81,76,77,86,88,93
89,90,91,94
94,91,92,93
88,89,94,93
