2,3,4,16
8,9,10,17
16,4,5,6,7,8,17,18,19,20,21
21,17,10,11,12,13,14,22,23,24,25
25,14,15,0,1,2,16,18,26,27,28
24,25,26,29
20,21,22,30
30,22,23,31
19,20,30,31
28,18,19,31,23,24,29,32,33,34,35
27,28,32,36
33,34,37,38
38,34,35,39
37,38,39,40
36,32,33,37,40,41,42,43,44,45,46
46,40,39,35,29,26,27,36,41,47,48
45,46,47,49
49,47,48,50
42,43,51,52
52,43,44,53
51,52,53,54
54,53,44,45,49,50,55,56,57,58,59
59,50,48,41,42,51,54,55,60,61,62
56,57,63,64
64,57,58,65
63,64,65,66
60,61,67,68
62,61,68,69
67,68,69,70
66,65,58,59,60,67,70,71,72,73,74
74,70,69,62,55,56,63,66,71,75,76
72,73,77,78
78,73,74,75
77,78,75,76
71,72,77,76
