6,7,8,9,10,11,14,15,16,17,18,19,20
16,17,21
21,16,15
19,20,22
18,19,22
14,15,21,17,18,22,20,11,12,13,23,24,25
24,25,26
4,3,2,1,0,13,25,26,27,28,29,30,31
29,28,32
32,28,27
30,29,32,27,4,5,6,14,23,33,34,35,36
31,30,33
34,35,37
37,34,33,31,26,24,23,36,38,39,40,41,42
42,41,43
39,38,44
44,38,37,35,36,42,43,45,46,47,48,49,50
49,48,51
51,49,50
47,46,52
52,47,48,51,50,43,41,40,53,54,55,56,57
56,55,58
57,56,58
45,44,39,40,57,58,55,54,59,60,61,62,63
53,54,63
62,61,64
64,62,63,53,52,46,45,59,65,66,67,68,69
69,59,60
65,66,70
68,67,71
71,68,69,60,61,64,65,70,72,73,74,75,76
72,73,77
75,76,78
77,72,71,67,66,70,76,78,79,80,81,82,83
82,81,84
84,82,83
80,79,85
74,75,78,83,84,81,80,85,86,87,88,89,90
86,87,91
90,85,79,77,73,74,86,91,92,93,94,95,96
89,90,92
94,95,97
93,94,97
88,89,92,93,97,95,96,98,99,100,101,102,103
99,100,104
104,99,98
103,96,91,87,88,98,104,100,101,105,106,107,108
102,103,105
106,107,109
109,106,105,102,101,108,110,111,112,113,114,115,116
114,113,117
117,113,112
116,115,118
110,111,119
118,115,114,117,112,111,119,120,121,122,123,124,125
121,122,126
120,121,126
125,119,110,109,107,108,116,118,120,126,122,123,127
124,125,127
123,124,127
