4,5,6
12,0,1,2,3,4,6,7,8,9,10,13,14,15
13,14,16
15,10,11,12,13,16,17,18,19,20,21,22,23,24
18,19,25
17,18,25
24,16,14,15,17,25,19,20,26,27,28,29,30,31
23,24,26
31,20,21
28,29,32
30,29,32
27,28,32,30,31,21,22,33,34,35,36,37,38,39
34,35,40
40,34,33
39,22,23,26,27,33,40,35,36,41,42,43,44,45
38,39,41
45,36,37
42,43,46
44,45,37,38,41,42,46,47,48,49,50,51,52,53
49,50,54
54,50,51
47,48,55
52,53,56
56,52,51,54,49,48,55,57,58,59,60,61,62,63
57,56,53,46,43,44,47,55,63,64,65,66,67,68
59,60,69
58,59,69
67,66,70
68,67,70
61,62,71
65,64,72
71,62,63,68,70,66,65,72,73,74,75,76,77,78
74,75,79
73,74,79
78,72,64,57,58,69,60,61,71,73,79,75,76,80
77,78,80
76,77,80
