(10,10,10)
1111111111111111111111111111111111111111111111111111111111111000
1010
111000000000
1110101000000
111111000000
1000010000
110001000
1101011000
111111000
1010000
111000
1111010
111000000
1111010000
11111010010
11001100000
111010001100
1101000000011000
111100011000000
1111101000011000
1100100000110000
1100100001000000001000
11010000001000110010000
1111000010011000100000
110010001000000100001000
1101000010000100011001000
111100010011000100001000
1111000110100100011001000
110100100011001001000000100
1101001000110010010001010100
1100100100010101010000000011001000
11001010000101010100010010011000100
111011000110010010001010101000010100
1110001100100100010101010000101010000000
11100101000101010000101010100010010011000
110010010001010101000010101000101010000000100
1100101010000101010001010100001010101000100100
11101100100010101010000101010001010100001010100
111001000101010100001010100010101000010101010000000
1110010100010101010000101010001010100001010101000100
10101010001010100000001010001010101000010101000101010000
101010100010101010000101010001010101000010101000101010000
1010101010101010100010101000010101010001010101000010101000
10101010101010101000101010101010101010001010101000010101000
101010101010101010001010101010101010100010101010101010101000
