(10,10,10)
1111111111111111111111111111111111111111111111111111111111110000
100100
101010
110110
1111000000
1000010000
1010001000
1101001000
11100100
11101010
1101100000
11100001000000
1000100000100000
1010000100010000
1100001000100010000000
10001000100010000001000000
10001000100010000010000000100000
1100100000100000100010001000100000
10100000100000100010001000100001000000
10100010001000100010000010000010100000
1010100100100000100010001000100010100000
1010101000001010001000100010001000001010000000
101010100001001010100000100010001000100010100000
101010101000101010100000101000100010001000100000
10101010101001001000100010001000101000001010101000
10101010101010101000101010100000101000100010001000
1010101010101010100010101010100100101000100010001000
1010101010101010100010101010101010101000100010001000
110010100010101010101010101000101010101010101010001000
11100101000101010101010101010001010101010101010100010100
1010101010101010100010101010101010101000101010000010101000
101010101010101010001010101010101010100010101010010010101000
101010101010101010001010101010101010100010101010101010101000
