(10,10,10)
1111111111111111111111111111111111111111111111111111111111100000
10001000
100100100
1010010100
11001010100
1010101010
11010101100
1101011010
11101011100
111100111100
11110100000000010
111110100000000100
1111110010000000100
10100000001010000000
110010000001010000000
10101000000101000000
110100000010100000100
1110010000010100000100
10100000101000001010000000000
10100010001000001010000010100000
101001001001000001010000010100000
1010010100101000001010000010100000
11001010100000101000001010000010100
1010101010101000001010000010100000
11001000010100000101010101010100000
1010101010101000010101000010100000
11001000010101010101010000101010000
11010001010101000010101010101010000100
111001001010101000010101010101010000100
1110100101010101000010101010101010000100
11110010101010101000010101010101010000100
1010101010101000010101010101010000101000000000
1010101010101000010101010101010000101000100010000
10101010101010000101010101010100001010010010010000
101010101010100001010101010101000010100101001010000
1100101010000101010101010100001010101010101000010100
101010101010100001010101010101000010101010101010000
101010101010101000101010101010101000010101010101010000
101010101010101010001010101010101010000101010101010101000
101010101010101010001010101010101010100010101010101010101000
