(10,10,10)
1111111111111111111111111111111111111111111111111111111111110000
100100
11001100
110110
11110000000000
1111001001000000
1111010101000000
1111011011000000
11111111000000
1000010000
1010001000
1010010100
1101010100
1101101100
11111100
11000000
110000
1100
1111000000000000
111100001001000000
111100010101000000
111100011011000000
1111000111100000
111110010111100000
111110101111100000
111111011111100000
111111100001000000
1000100000100000
1010001000001001000000000000
101000100100000001001000001000
101010001010001000001001000000
110000010010000001010100010101000000000000
11000001001000001010100010101000000100100000
11000001010100000101010001010100000100100000
11000010101000001010100010101000001010100000
1110010001010100000101010001010100000101010000
1010100010101000001010100010100000000010001010100000
101010001010100000101010001010000010010010001010100000
101010100010101000001010100010101000001010100010100000
10101010010010101000101000001010101000101010000010101000
10101010101010101000101010000010101000101010100000101000
1010101010101010100010101000001010100010101010100100101000
1010101010101010100010101010101010101000101010000010101000
101010101010101010001010101010101010100010101010010010101000
101010101010101010001010101010101010100010101010101010101000
