(10,10,10)
1111111111111111111111111111111111111111111111111111111111100000
10001000
100100100
110010011000
111000110011000
11001100100000100
110100100001001100
1110011001000010100
110100000101010000100
110100100010101010000100
1101010010010101010000100
11010101001010101010000100
110101100101010101010000100
1110011100101010101010000100
111010000010101010101010000100
1111001000010101010101010000100
1010101010101000010100001010000
101010101010100001010100000000101010000
101010101010100001010100100010000101010000
1010101010101000010101010010010000101010000
10101010101010000101010101001010000101010000
10101010101010000101010101001010100010101010000
110100101010101000010101010101010000101010100100
1101001010101010000101010101010100001010101010010
11101001010101010000101010101010100001010101010100
111100101010101010000101010101010100001010101010100
101010101010100001010101010101000010101010101010000
101010101010101000101010101010101000010101010101010000
101010101010101010001010101010101010000101010101010101000
101010101010101010001010101010101010100010101010101010101000
