(101010100010101010000)
1111111111111111111111111111111111111111111111111111111111100000
10001000
100100100
1010010100
11001010100
1010101010
11010101100
1101011010
11101011100
111100111100
111101000000010
1111101000000100
11000000101000000
1010000010100000
11001000010100000
1010100001010000
11001100001010000
1101010001010000
110100010100010
11011000101000
1110100101000
1110010100
1101010
11101100
1111010
1110000000
1100000
101000
110101000
110101101000
1110101100100
11101011010010
111010111010100
1110110010111010
111101011101010
1111011001111010
111110101111010
1111011000000110
111110110000010
11111101000010
1100001100000
110001010000
10100101000
110010101000
1100110011000
110101011000
1110011011000
111010111000
1111001111000
1111010000000100
11110100100000010
111110100000010100
1100000010101000000
101010000010100000
1100100001010100000
101010000101010000
101010100010101010000
