(101010100010101010000)
1111111111111111111111111111111111111111111111111111111111111000
1010
11100000000000
111010100000000
11111100000000
10000001000000
1100000100000
110000110000
1101010110000
111110110000
1111101101010
111110111110
11111110000000
100000100000
11000010000
1100011000
11101011000
1111111000
10100000
1110000
11110100
111110110
11111110000000000
100000100000000
1010100000100000
111100000100000
1111000101100000
111100111100000
1111101000111100
11111101111100010
11111100011000000
11001000000100000
110101001000000100
11111001000000100
1010000001010000000
10101010000101000000
101010100010101010000
