(10101010101000101010101010000)
1111111111111111111111111111111111111111111111111111111111110000
100100
101010
110110
111100000000000
11110010010000000
11110101010000000
11110110110000000
111111110000000
100000100000
101000010000
101000101000
110100101000
110101011000
111011011000
1111111000
101000000
110100000
111010000
11101010010
11110101010
11111011010
11111101110
111110000000
11111100100000
101000010000000
110100000010000
111010000010000
111101000010000
111110100010000
110001000100000000
11001001000010001000
11010101000010001000
11011011000100010000
111111000100010000
1001000100010000000
1010100010001000000
1101000100010000010
11110001000100000
1111010011000100000
1111101011000100000
1111110111000100000
11110001000010000000
1111000100001010010000
1111000101010100001000
111110010100001010101000
11111100101010101000010100
101010101010000101010000000
10101010101000010101010010000
10101010101000101010101010000
