(10101010101000101010101010000)
1111111111111111111111111111111111111111111111111111111111110000
100100
101010
110110
1111000000000
111100100100000
111101010100000
111101101100000
1111111100000
10001000
10100100
10101010
11011010
11101110
1111100000000
10000001000000
10100000100000
10100001010000
11010001010000
11010010110000
11101010110000
11101101110000
111111110000
1001000
1010100
1101010
1110110
111100000000
11111001000000
101000001000000
110100000100000
111010000100000
111101000100000
110001000010000000
11000100001010010000
11000101010100001000
1110010100001010101000
111100101010101000010100
101010101010000101010000000
10101010101000010101010010000
10101010101000101010101010000
