(101000101000010100010100000)
1111111111111111111111111111111111111111111111111111111111111000
1010
11100000000000
111010100000000
11111100000000
10000001000000
1100000100000
110000110000
1101010110000
111110110000
1111101101010
111110111110
11111110000000
100000100000
11000010000
1100011000
11101011000
1111111000
10100000
1110000
11110100
111110110
11110000000
111101010000
11111110000
100100000
1010100100
111100100
1111101100
11111101110
11111000000
111111010000
110001000000
1100010101000
111100011000
1111010111000
111111111000
101000
11100
11000000000
110001010000
11100011000
1110010000000000100
11100100010100000100
10100010100000101000000000
101000101000010100010100000
