(101000101000010100010100000)
1111111111111111111111111111111111111111111111111111111111100000
10001000
100100100
1010010100
11001010100
1010101010
11010101100
1101011010
11101011100
111100111100
111101000000010
1111101000000100
11000000101000000
1010000010100000
11001000010100000
1010100001010000
11001100001010000
1101010001010000
110100010100010
11011000101000
1110100101000
1110010100
1101010
11101100
1111010
1110000000
1100000
101000
1100100
101010
1101100
111010
11100000000
11000000
1010000
11001000
1010100
11010100
110110100
11101010
111101100
11111010
111000000
110000
10100
11011000
11101101000
111011100100
1110111010010
11110111010100
111101110110010
11110111101010
111110111101100
11111011111010
111111011000000
11100000100000
11000010000
1010001000
11001001000
1010100100
11001100100
1101010100
11010110100
111010110100
1110101110100
11110100111100
11110100000001100
111110011000000100
1101000000101000000
11010000001100100000
1101000001010100000
11010000010110010000
1101010000110100000
110100001101000010
11011000011010000
11011010001011010000
111010000110110100100
1110100101011011000010
11101010011011011000010
1110110000101110101010
11101100110111011000010
1111010110111011000010
111101101111011000010
11111011111011000010
111111010000111000000
11100001100000100000
11100100011100000100000
111010010011100000100000
1110101001011100000100000
11101100101011100000100000
1111010101011100000100000
11110101100111100000100000
1111011010111100000100000
111110110111100000100000
11111101111100000100000
1111110000010000100000
100001000010000100000
101000101000010000100000
101000101000010100010100000
