(10101000101010000)
1111111111111111111111111111111111111111111111111111111111110000
100100
101010
110110
11110000000
100000100000
101000010000
110100010000
1110001000
1110010100
1110101100
11101110
11111000000
1000010000
1010001000
1101001000
11100100
11101010
11110110
1111110000000
1000100000
1010010000
1101000100
11101000
11110100
11111010
1110000
111010010
111101010
111110110
11111110000000
100100000
101010000
10101010100
11010101010
11101101010
11110110110
111011100000
111100001000000
1000100000100000
1010000100010000
1101000100010000
11100010001000
1111001010001000
10101000100100000
10101000101010000
