(101010100010101010000)
1111111111111111111111111111111111111111111111111111111111111000
1010
1110000000000000
11100001010000000
1110001110000000
11110101110000000
1111111110000000
100000100000
11000010000
1100011000
11101011000
1111111000
1010000000
111000000
1110101000
111111000
1111111010
1110000000
11101010000
1111110000
100100000000
1010001001000
111001001000
1110101100100
111111100100
101010000000
11101000000
1111100000
11111010100
1111111100
111111111100000000000000
100001000000000000
1010000100001000000
10101010000101000000
101010100010101010000
