(101010100010101010000)
1111111111111111111111111111111111111111111111111111111111110000
100100
101010
110110
111100000000000
11110010010000000
11110101010000000
11110110110000000
111111110000000
100000100000
101000010000
101000101000
110100101000
110101011000
111011011000
1111111000
101000000
110100000
111010000
111101000
111110100
11111101100
111010000000
111101000000
111110100000
111111010000
111111101000
11001000000
11010100000
11011010000
111110000
11111010010
11111101010
11111110110
1111000000
111100100100
111101010100
111101101100
1111111100
1100000
11000
1110100
111101100
11111011100
1111110111100
11111010000000
11111101000000
110000010000000
11000010010100000
11000101010100000
11011010000011000
111110001100000
11111010011100000
11111101011100000
11111110111100000
1111100001000000
1111100010100000
111111001010100000
1010101000010000000
101010100001010010000
101010100010101010000
