(101000101000010100010100000)
1111111111111111111111111111111111111111111111111111111111111000
1010
11100000000000000
111000010100000000
11100011100000000
111101011100000000
11111111100000000
10000001000000
1100000100000
110000110000
1101010110000
111110110000
1111101101010
111111110110
11110000000
111101010000
11111110000
100100000000
1010001001000
111001001000
1110101100100
111111100100
1010100000000
111010000000
11111000000
111110101000
11111111000
1010000000
111000000
1110101000
111111000
1111111010
11100000000
111000101000
11100111000
111101011100
11111111100
11000000
110101000
11111000
111111010
111000000000
1110001010000
111000111000
1111010111000
111111111000
101000000
11100000
10001000000000000
101000010001000000
11100010001000000
111000101011000000
11111000111000000
111110001110101000
11111100011111000
1111110010000000000100
11111100100010100000100
10100010100000101000000000
101000101000010100010100000
