(10100001010000)
1111111111111111111111111111111111111111111111111111111111100000
10001000
100100100
1010010100
11001010100
1010101010
11010101100
1101011010
110110110
11101110
11111000000
1000010000
10010001000
101001001000
1100100100100
101010100100
1101001001100
110101010010
11011010100
110110110100
11101101010
111011101100
11110111010
111101100000
11111010000
1100010000
101001000
1100100100
101010100
1101001100
110101100
1110011100
1110100000010
11110100000100
110000010100000
10100001010000
