(101010101010100101010101010100)
1111111111111111111111111111111111111111111111111111111111100000
10001000
100100100
1010010100
11001010100
1010101010
11010101100
1101011010
11101011100
111100111100
111110011111000
111110100000000100
1111101001000000010
11111101000000010100
110000000101010000000
10101000000101000000
110010000010101000000
10101000001010100000
10101010001001010100000
101010100100101010100000
101010101001001010101001000
1010101010010010101010100100
10101010101001010101010100100
101010101010100101010101010100
