(10101000101010000)
1111111111111111111111111111111111111111111111111111111111100000
10001000
100100100
1010010100
11001010100
1010101010
11010101100
1101011010
11101011100
111100111100
111101000000010
1111101000000100
11000000101000000
1010000010100000
11001000010100000
1010100001010000
11001100001010000
1101010001010000
110100010100010
11011000101000
1110100101000
1110010100
1101010
11101100
1111010
1110000000
1100000
101000
1100100
101010
1101100
111010
11100000000
11000000
1010000
11001000
1010100
11010100
110110100
11101010
111101100
11111010
111000000
110000
10100
11011000
11101101000
111011100100
1110111010010
11110111010100
111101110110010
11110111101010
111110111101100
11111011111010
111111011000000
11100000100000
11000010000
1010001000
10100100100
101010010100
1100101010100
101010101010
1101010101100
110101101010
1110101101100
111010111010
1111010111100
11111001111100
111110100000010
1100000011000000
110000010100000
10100001010000
10101000101010000
