(10101010101000101010101010000)
1111111111111111111111111111111111111111111111111111111111100000
10001000
100100100
1010010100
11001010100
1010101010
11010101100
1101011010
11101011100
111100111100
111101000000010
1111101000000100
11000000101000000
1010000010100000
11001000010100000
1010100001010000
11001100001010000
1101010001010000
110100010100010
11011000101000
1110100101000
1110010100
1101010
11101100
1111010
1110000000
1100000
101000
1100100
101010
1101100
111010
11100000000
11000000
1010000
11001000
1010100
11010100
110110100
11101010
111101100
11111010
111000000
110000
10100
110100
1110100
11110100
111110100
1101000000
110100000
11010000
1101000
11100100
111010010
1111010100
11110110010
1111101010
11011000000
1110100000
1110000
1110100010
11110100100
111101010010
1111011001010
111110101010
1101011000000
11100111000000
11110001111000000
11110010000000100000
111101001000000100000
1111010100100000100000
11110110010100000100000
1111101010100000100000
11010100000100001000000
1101000001000010000010
110110000010000100000
11101000010000100000
11100001000010000
11101000101000010000
111100100101000010000
1111010010101000010000
11111001010101000010000
101010101000010001000000
1010101010000100100100000
10101010100001001010010000
110010100001010101010000100
10101010100001010101010000
10101010101000101010101010000
