(10101010101000101010101010000)
1111111111111111111111111111111111111111111111111111111111100000
10001000
100100100
1010010100
11001010100
1010101010
11010101100
1101011010
110110110
11101110
111110000000
100000100000
1001000010000
10100100010000
110010001000100
10101010001000
110100010001100
11010100100010
1101101001000
111010010010
111100100
1111010010
11111010100
11010100000
1101000010
110110000
11101000
11100
110000000
10100000
110010000
10101000
110011000
11010100
1101010
11101100
1111010
111000000
110000
110100010
1110100100
11101010010
111011001010
11110101010
111101100110
11111011010
1111110110
11110000
11110100010
11110110001010
111101100100110
1111011010010110
11110111001010110
111101110011001110
11110111010101110
111101111011101100
11110111101111010
111110111101111100
111110111110100000
111111000001100000
1100001000010000
1101000101000010000
11100100101000010000
111010010101000010000
1111001010101000010000
101010101000010001000000
1010101010000100100100000
10101010100001001010010000
110010100001010101010000100
10101010100001010101010000
10101010101000101010101010000
