(10100001010000)
1111111111111111111111111111111111111111111111111111111111111000
1010
11100000000000000
111000010100000000
11100011100000000
111101011100000000
11111111100000000
10000001000000
1100000100000
110000110000
1101010110000
111110110000
1111101101010
111111110110
11110000000
111101010000
11111110000
100100000000
1010001001000
111001001000
1110101100100
111111100100
1010100000000
111010000000
11111000000
111110101000
11111111000
1010000000
111000000
1110101000
111111000
1111111010
11100000000
111000101000
11100111000
111101011100
11111111100
11000000
110101000
11111000
1010000000000
10100001010000
