(101000101000010100010100000)
1111111111111111111111111111111111111111111111111111111111110000
100100
101010
110110
1111000000000
111100100100000
111101010100000
111101101100000
1111111100000
10001000
1100101000
1101011000
111010110100
111010111010
111101111010
111110111110
1111111000000
1000010000
1010001000
1010010100
1101010100
1101101100
11111100
1100000
110100100
110101010
111011010
111101110
11111100000000
1000001000000
1010000100000
1101000010000
110100100110000
110101010110000
11010101011010010
11101010110101010
11101101011101010
11110110111010110
11110111011110110
11110111101110000000
1111011110111100100000
1111100100000111110000000
11111000001010000001000000
11111000001010000010100000
101000010000001000010100000
101000101000001010000100000
101000101000010100010100000
