(1010100010101000010100010100000)
1111111111111111111111111111111111111111111111111111111111100000
10001000
100100100
1010010100
11001010100
1010101010
11010101100
1101011010
110110110
1110111000
111100100
101010
1101100
111010
111110000
1100
11000
1010
1110000
100100
1010100
11001100
1101010
11011000
1110100
110100
11010
11110000
10100
11010000
110001000
1001001000
1010001010000
1100001010010000
10100100010001000
10100100100001001000
10100100100010000101000
10101000101000010001010000
1010100010101000010100010100000
