(10101010101000101010101010000)
1111111111111111111111111111111111111111111111111111111111111000
1010
11100000000000
111010100000000
11111100000000
10000001000000
1100000100000
110000110000
1101010110000
111110110000
1111101101010
111110111110
11111110000000
100000100000
11000010000
1100011000
11101011000
1111111000
10100000
1110000
11110100
111110110
11111110000000000
100000100000000
1010001000001000
111001000001000
1110010101001000
111100111000100
1111101100011100
11111101111000110
11111000111000000
111110010100111000
111110010101000000000100
1111100101010000001010100
101010100000010101010000000
1010101010100001010101000000
10101010101000101010101010000
