(101000101000010100010100000)
1111111111111111111111111111111111111111111111111111111111111000
1010
1110000000000000
11100001010000000
1110001110000000
11110101110000000
1111111110000000
100000100000
11000010000
1100011000
11101011000
1111111000
1010000000
111000000
1110101000
111111000
1111111010
1110000000
11101010000
1111110000
11111110100
11010000000
1111000000
11111010000
110001000000000
1100010101000000
111100011000000
1111000110101000
111110001111000
111110010000000000100
1111100100010100000100
10100010100000101000000000
101000101000010100010100000
