(10101010101000101010101010000)
1111111111111111111111111111111111111111111111111111111111100000
10001000
100100100
1010010100
11001010100
1010101010
11010101100
1101011010
110110110
11101110
11111000
1010
11100000
11000
1010000
11001000
1010100
11010100
110110100
11101010
11011000
1110100
1101000
110100
11010
111100000
1001000
10100100
110010100
10101010
110101100
11011010
111011100
111101000
1100100
11010010
1100110000
110100001000
11000010010000
1001000100001000
10010010010001000
100100100100100100
1010010100100100100
10100101001010010100
110010101001010010100
1100101010011001010100
110010101010000101010100
10101010100001010101010000
10101010101000101010101010000
