(110110101010101001010101001001001010)
1111111111111111111111111111111111111111111111111111111111110000
100100
101010
110110
1111000000000000
111100100100000000
111101010100000000
111101101100000000
1111111100000000
10000001000000
10100000100000
10100001010000
11010001010000
11010010110000
11101010110000
11101101110000
111111110000
1001000000
1010100000
1101000010
11110000
1111010010
1111101010
1111110110
11111111000000000000
100000010000000000
10010010000001000000
10101010000001000000
11011010000001000000
111110000001000000
11111010010001000000
11111101010001000000
11111110110001000000
11100010000010000000
11100010000101000000
1110001010010101000000
1110001101010101000000
111100100001010101011000
11111001011010101010000100
1111110011011010101010000100
110110101010100001010000000010
11011010101010000101000001001010
1101101010101000010101001001001010
110110101010101001010101001001001010
