(11011010101010000101010100100100010)
1111111111111111111111111111111111111111111111111111111111111000
1010
11100000000000
111010100000000
11111100000000
10000001000000
1100000100000
110000110000
1101010110000
111110110000
1111101101010
111110111110
11111110000000
100000100000
11000010000
1100011000
11101011000
1111111000
10100000
1110000
11110100
111110110
11110000000
111101010000
11111110000
100100000
11010000
1111000
11111010
1110000000
11101010000
1111110000
1001000000
110100000
11110000
100100000000
1010001001000
111001001000
1110101100100
111111100100
1010100000
111010000
11111000
111111010
111000000
1111010000
11111010010
1100110000000
11010100001100
1111100110000
11111101110000
11110001000000
111110100001000
11000010010000000
110101000010010000
11111000010010000
1001000100000001000
10101000100100010000
1111000100100010000
11111010010001001000
1100100010010010000000
11001000100100100101000
1110011001000100100100
11110111001000100100100
11111001001001000101000000000
111110010100000101000100100100
10101000001010001001001010000000
101010100100100010100000101010000
1010101010010100010010010101010000
11011010101010000101010100100100010
