(11011010101010000101010100100100010)
1111111111111111111111111111111111111111111111111111111111111000
1010
1110000000000000
11100001010000000
1110001110000000
11110101110000000
1111111110000000
100000100000
11000010000
1100011000
11101011000
1111111000
1010000000
111000000
1110101000
111111000
1111111010
1110000000
11101010000
1111110000
100100000000
1010001001000
111001001000
1110101100100
111111100100
101010000000
11101000000
1111100000
11111010100
1111111100
11000000
110101000
11111000
111111010
11100000000
111000101000
11100111000
111101011100
11111111100
1100000
11010100
1111100
11000000000
110001010000
11100110000
111010101100
11111101100
1110100000000
11101000010100
1110100011100
11101101011100
1111111011100
1111010000000
111111000000
1111110101000
111111111000
10100000
1110000
100100000000000
1010001001000000
111001001000000
1110101000100100
111111001001000
1111111011001000
1110010010000000
11101010000100100
1111110010010000
11111110110010000
11100100010000000
111010100001000100
11111100100010000
111111101100010000
111000100010000000
1110101000010001000
111111000100010000
1111111010010001000
1100100010010000000
11010100001001000100
1111100100010010000
11111101100010010000
1110001001000100000000
11101010000010001001000
1111110001001000100000
11111110100010001001000
11000100010010010000000
110101000010010010001000
11111000100010010010000
111111010010010010001000
11001001001000100100000000
110010010010001001010100000
11110010001001001001100000
111100100010010010011101000
11111001111001000100100100
111111011111001000100100100
11111100100010010010100000000
1010010010001010000000010000000
10101000001010001001001010000000
101010100100100010100000101010000
1010101010010100010010010101010000
11011010101010000101010100100100010
