(11011010101010000101010100100100010)
1111111111111111111111111111111111111111111111111111111111110000
100100
101010
110110
111100000
10001000
10100100
11010100
111010
11111000000
10010000
10101000
11010010
111100
11000
1110100
1111010
111111000000
1010000
1101000
11100
110000
1100
1100000
111001000
1010010000
1010101000
1101101000
111011010100
1110101010000
11010100010000
1101010001010010
1110101010001010
11010100010110000
1101010001011010010
110110101000101101100
111001101101010001100000
1101101010001100001000010
111001010101101101000010000
1101101010101000010001000010
110110101010100001010011000010
110110101010100001010100000100010
11011010101010000101010100100100010
