(11011010101010000101010100100100010)
1111111111111111111111111111111111111111111111111111111111100000
10001000
100100100
1010010100
11001010100
1010101010
11010101100
1101011010
110110110
11101110
11111000000
1000010000
10010001000
101001001000
1100100100100
101010100100
1010101010100
11010101001100
1101010101000000010
1101010101000010001010
1101011010101010000101000
1110101101010101000010101000
1101101010101000010101001000000
11011010101010000101010100100000
11011010101010000101010100100100010
