(11010001001100000)
1111111111111111111111111111111111111111111111111111111111100000
10001000
100100100
1010010100
11001010100
1010101010
11010101100
1101011010
11101011100
111100111100
111101000000010
1111101000000100
11000000101000000
1010000010100000
11001000010100000
1010100001010000
11001100001010000
1101010001010000
110100010100010
11011000101000
1110100101000
1110010100
1101010
11101100
1111010
1110000000
1100000
101000
1100100
101010
1101100
111010
11100000000
11000000
1010000
11001000
1010100
11010100
110110100
11101010
111101100
11111010
111000000
110000
10100
110100
11010
111000000000
110000000
10100000
10101001000
101010100100
1010101010100
11010101010100
110101010110100
11010101101010
111010101101100
11101011101010
111101011101100
11110101111010
111110101111100
1111101100000010
111111010000010
11000001100000
11010001001100000
