(11011010101010000101010100100100010)
1111111111111111111111111111111111111111111111111111111111100000
10001000
100100100
1010010100
11001010100
1010101010
11010101100
1101011010
110110110
11101110
11111000
1010
11100000
11000
1010000
11001000
1010100
11010100
110110100
11100110000
11010001000
1100010010000
100100100010000
1010010001000100
10101001001000100
101010100100100100
1010101010010100100
11001010101010100100
110101010011001001100
11010101001100101000010
1101010101000010101000010
1101010101000010101010001010
11011010101010000101010100100000
11011010101010000101010100100100010
