(11011010101010000101010100100100010)
1111111111111111111111111111111111111111111111111111111111100000
10001000
100100100
1010010100
11001010100
1010101010
11010101100
1101011010
11101011100
111100111100
111101000000010
1111101000000100
11000000101000000
1010000010100000
11001000010100000
1010100001010000
11001100001010000
1101010001010000
110100010100010
11011000101000
1110100101000
1110010100
1101010
11101100
1111010
1110000000
1100000
101000
1100100
101010
1101100
111010
11100000000
11000000
1010000
11001000
1010100
11010100
110110100
11101010
111101100
11111010
111000000
110000
10100
110100
1110100
11110100
111110100
1101000000
110100000
11010000
1101000
1101101000
11101100100
111011010010
1110111010100
11101110110010
1111011101010
11110111101100
1111101111010
11111011000000
1111110100000
110000100000
10100010000
110010010000
1101001010000
11010100110000
110110010110000
11101010110000
11101010110100010
111101010110100100
1111010101101010010
11111010101101010100
110101101010101000000
111010110101010100001000
111101011010101010000101000
110110101010100001010010000000
1101101010101000010101001000000
11011010101010000101010100100000
11011010101010000101010100100100010
