(110100010011010000100)
1111111111111111111111111111111111111111111111111111111111100000
10001000
100100100
1010010100
11001010100
1010101010
11010101100
1101011010
110110110
11101110
11111000000
1000010000
10010001000
101001001000
1100100100100
101010100100
1101001001100
110101010010
11011010100
110110110100
11101101010
111011101100
11110111010
111101100000
11111010000
1100010000
101001000
1100100100
101010100
1101010100
11010110100
111010011100
111010000001100
1111001100000100
11010000010100000
110100001001100000
110100010011010000100
