(11011010101010000101010100100100010)
1111111111111111111111111111111111111111111111111111111111111000
1010
11100000
10001000
1100100
110110
11110000
100100
11010
111100000
1001000
11010100
1101010000
110100010000
11000100010000
1001000100010000
11010010010001000
110101101001001000
11011000100100110000
1110000110010010010000
1100100100100010001000
11001001001000100100000100
110010101001001000100100100
1100101010010010001010000010100
11001010101001010001001001010100
110110101010011001010100100100010
11011010101010000101010100100100010
