(11011010101010000101010100100100010)
1111111111111111111111111111111111111111111111111111111111111000
1010
11100000000000000
111000010100000000
11100011100000000
111101011100000000
11111111100000000
10000001000000
1100000100000
110000110000
1101010110000
111110110000
1111101101010
111111110110
11110000000
111101010000
11111110000
100100000000
1010001001000
111001001000
1110101100100
111111100100
1010100000000
111010000000
11111000000
1000010000000000
10100001000010000
1110001000010000
11101011000010000
1111111000010000
10001000100000000
1100100010000000
11010100001000100
1111100100010000
11111101100010000
11100010001000000000
111000100010001010000
11100100010001110000
111010101110010001000
11111101110001000100
11110001000101000000000
101000100100000000000100000000
1010010010001010000000010000000
10101000001010001001001010000000
101010100100100010100000101010000
1010101010010100010010010101010000
11011010101010000101010100100100010
