(11011010101010000101010100100100010)
1111111111111111111111111111111111111111111111111111111111111000
1010
1110000
100100
1101100
11101000
1100100
10101000
1110100
110100
1101000
11001000
101001000
11100100
1010100
111010
111110000
1100
111100000
101000
110010000
1010001000
1100010010000
10010010001000
1100100100100
10100100101000
11000101001010000
110100110001010010
1100110001100101000
11010001001010011000
110010100100011000100
1100010100010101001000
10101001001000100101000
11000101010010010001010000
101010010010001010001000100
101010010010001010010000100100
1010101001010001001001010100100
11011010101001001010100100100010
11011010101010000101010100100100010
