(11010001001100000)
1111111111111111111111111111111111111111111111111111111111111000
1010
1110000000000000
11100001010000000
1110001110000000
11110101110000000
1111111110000000
100000100000
11000010000
1100011000
11101011000
1111111000
1010000000
111000000
1110101000
111111000
1111111010
1110000000
11101010000
1111110000
100100000000
1010001001000
111001001000
1110101100100
111111100100
101010000000
11101000000
1111100000
11111010100
1111111100
11000000
110101000
11111000
111111010
11100000000
111000101000
11100111000
111101011100
11111111100
1100000
11010100
1111100
11000000000
110001010000
11100110000
111010101100
11111101100
111111101110
111110000000
1111110100000
110000100000000
1101010000010000
111110000100000
1000100001000000000
10100010000100010000
1110001000100001000
11101011000010001000
1111111000100010000
1001000100010000000
110010001001000000
11010001001100000
