(110100010011010000100)
1111111111111111111111111111111111111111111111111111111111111000
1010
11100000000000000
111000010100000000
11100011100000000
111101011100000000
11111111100000000
10000001000000
1100000100000
110000110000
1101010110000
111110110000
1111101101010
111111110110
11110000000
111101010000
11111110000
100100000000
11010000000
110100010100
11101101000
111011011010
11111110110
111100000000
1111000101000
111100111000
1111010111100
111111111100
1100000
11010100
1111100
110000000000
1100010100000
111001100000
1110101001100
111111001100
1111111011100
11110100000000
1111110000000
11111110100000
110000100000000
11000110000000
111010110000000
11111110000000
100000100000000
11000010000000
110101000010000
11111000010000
111111010010000
110010001000000000
1101010000001000100
111110010001000000
1111110110001000000
1110001000001000000000
11100010000010001010000
1110001110001000001000
11110101110001000001000
1111111110001000001000
1001000001001000000
11010000100100000100
110100010011010000100
