(110100010011010000100)
1111111111111111111111111111111111111111111111111111111111110000
100100
101010
110110
111100000000000
11110010010000000
11110101010000000
11110110110000000
111111110000000
100000100000
101000010000
101000101000
110100101000
110101011000
111011011000
1111111000
101000000
110100000
111010000
111101000
111110100
11111101100
111010000000
111101000000
111110100000
111111010000
111111101000
11001000000
11010100000
11011010000
111110000
11111010010
11111101010
11111110110
1111000000
111100100100
111101010100
111101101100
1111111100
1100000
110100100
110101010
111011010
111101110
11111000000000
1111110010000000
10100000010000000
10100000101000000
1101000000101000100
110100010011010000100
