(11010001001100000)
1111111111111111111111111111111111111111111111111111111111111000
1010
11100000000000000
111000010100000000
11100011100000000
111101011100000000
11111111100000000
10000001000000
1100000100000
110000110000
1101010110000
111110110000
1111101101010
111111110110
11110000000
111101010000
11111110000
100100000000
11010000000
1111000000
11110101000
1111111000
10100000000
1110000000
11101010000
1111110000
11111110100
110100000000
1101000010100
111001101000
1110101101100
111111101100
1110100000000
111110000000
1111110100000
1100001000000000
11010100000010000
1111100001000000
11111101000010000
11000010001000000000
110000101000100010000
11100011000010001000
111010111000100010000
11111111000100010000
1001000100010000000
110010001001000000
11010001001100000
