(11011010101010000101010100100100010)
1111111111111111111111111111111111111111111111111111111111100000
10001000
100100100
1010010100
11001010100
1010101010
11010101100
1101011010
110110110
11101110
111110000
100100
1010100
110011000000
110100000100000
1101000010010000
1101000010011000100
11010010011001000010
110101001011001000010
1110010101011010000100
11010101010000101000010
11010101010000101010001010
11010110101010100001010101000
11011010101010000101010100100000
11011010101010000101010100100100010
