(110100010011010000100)
1111111111111111111111111111111111111111111111111111111111111000
1010
1110000000000000
11100001010000000
1110001110000000
11110101110000000
1111111110000000
100000100000
11000010000
1100011000
11101011000
1111111000
1010000000
111000000
1110101000
111111000
1111111010
1110000000
11101010000
1111110000
100100000000
1010001001000
111001001000
1110101100100
111111100100
101010000000
11101000000
1111100000
11111010100
1111111100
11000000
110101000
11111000
111111010
11100000000
111000101000
11100111000
111101011100
11111111100
1100000
11010100
1111100
11000000000
110001010000
11100110000
111010011100
11111011100
111111011110
111111110000000000
1000000100000000
10101000001000000
1111000001000000
11111010001000000
110001000001000000000
1100010000010001010000
111000110001000001000
1110101110001000001000
111111110001000001000
1001000001001000000
11010000100100000100
110100010011010000100
