(111100110100010011000010000)
1111111111111111111111111111111111111111111111111111111111110000
100100
101010
110110
111100000
10001000
10100100
11010100
111010
11111000000
10010000
10101000
11010010
111100
11000
1110100
1111010
111111000000
1010000
101010100
110101010
111011010
111101110
1111110000
10100
1101100
111011100
1111010000
110001000
110010100
11100110100
110101000010
110100001100000
110000110000100000
110001000001000010000
11001000100011000010000
1110010100010011000010000
111100110100010011000010000
