(111100110100010011000010000)
1111111111111111111111111111111111111111111111111111111111111000
1010
11100000000000000
111000010100000000
11100011100000000
111101011100000000
11111111100000000
10000001000000
1100000100000
110000110000
1101010110000
111110110000
1111101101010
111111110110
11110000000
111101010000
11111110000
100100000000
11010000000
110100010100
11101101000
111011011010
11111110110
111100000000
1111000101000
111100111000
1111010111100
111111111100
1100000
11010100
1111100
110000000000
1100001010000
111000110000
1110101110000
111111110000
10010000000
1101000000
111100000
1111010100
111111100
1100000000
11000101000
1110011000
11101011100
1111111100
110000000
1101010000
111110000
1111110100
1101000000000
11010000101000
1110001101000
11101011011000
1111111011000
11100100000000
111010100000100
11111100100000
111111101100000
1110000100000000
11110100000010000
111110100100000010
11001000000110000000000
110101000000011001000000
11111000000100110000000
111111010000011001000000
110010000010000000001100000
1100100000100001010001100000
111000110000011001000001000
1110101110001000001001100000
111111110001000001001100000
11001000001001000000010000
110010000010010101000010000
11110010000010011000010000
111100110100010011000010000
