(11111110110100100011010010000000111000000)
1111111111111111111111111111111111111111111111111111111111111000
1010
11100000000
111010100000
11111100000
10001000
1100100
11101100
111101110
111111000000
100010000
1101010000
111110000
10010000
1101000
111100
1100000
11010100
1111100
110000
1110100
1101000000
11101000010
11000011000000
111010000110000
110001000000110000
1100010101000110000
111100011000011000
1100100000100110000
11101001100100000100
111101100000100110010
1110000011001100100000
11110100010011001100000
110011001000110000010000
1101000110001001100110000
11101110010001100010110000
11110010001100010110001000000
111100101001000110100011000100
1111001101011000101100010010100
11111011010010001101000110101100
111111011101011000101100010010110
111111101101001000110100011011000000
11111110110100100011010010000000111000000
