(111100110100010011000010000)
1111111111111111111111111111111111111111111111111111111111100000
10001000
100100100
1010010100
11001010100
1010101010
11010101100
1101011010
11101011100
111100111100
111101000000010
1111101000000100
11000000101000000
1010000010100000
11001000010100000
1010100001010000
11001100001010000
1101010001010000
110100010100010
11011000101000
1110100101000
1110010100
1101010
11101100
1111010
1110000000
1100000
101000
1100100
101010
1101100
111010
11100000000
11000000
1010000
11001000
1010100
11010100
110110100
11101010
111101100
11111010
111000000
110000
10100
110100
1110100
1111011000
1110010000000
11101001000000
111010100100000
1110110010100000
111101010100000
1111100110100000
11010000100000010
111010000100000100
1110100100001000010
11110100001000010100
111101001100001000010
1111101000010000110100
11010100000011000010000
110110010000011000010000
11101010000011000010000
111100110000011000010000
111100110100010011000010000
