(11111110110100100011010010000000111000000)
1111111111111111111111111111111111111111111111111111111111100000
10001000
100100100
1010010100
11001010100
1010101010
11010101100
1101011010
110110110
11101110
11111000000
1000010000
10010001000
101001001000
1100100100100
101010100100
1101001001100
110101010010
11011010100
1110101010
1111010
11100000
11000
1010
11100000000
11000000
1010000
11001000
1010100
11010100
110110100
11101010
111101100
11111010
1110000
1100
1111000
1111101000
1111101100010
11111101100100
111111011010010
111111011011000110
111111011011100010110
111111011100000010010110
111111011101000100010010110
111111011101010001100010010110
111111011101011000101100010010110
111111101101001000110100011011000000
11111110110100100011010010000000111000000
