(111100110100010011000010000)
1111111111111111111111111111111111111111111111111111111111100000
10001000
100100100
1010010100
11001010100
1010101010
11010101100
1101011010
110110110
11101110
111110000000
100000100000
1001000010000
10100100010000
110010001000100
10101010001000
110100010001100
11010100100010
1101101001000
111010010010
111100100
1111010010
11111010100
11010100000
1101000010
110110000
11101000
11100
110000000
10100000
110010000
10101000
110011000
11010100
1101010
11101100
1111010
111000000
110000
10100
110100
1110100
1111011000
111001000000
1110100100000
11110010100000
1010100001000000
11010000100000100
110100100001000010
1110100001000010100
11101001100001000010
111101000010000110100
1111010011100001000010
11111010000100001110100
11101010000011000010000
111100110000011000010000
111100110100010011000010000
