(111100110100010011000010000)
1111111111111111111111111111111111111111111111111111111111111000
1010
1110000000000000
11100001010000000
1110001110000000
11110101110000000
1111111110000000
100000100000
11000010000
1100011000
11101011000
1111111000
1010000000
111000000
1110101000
111111000
1111111010
1110000000
11101010000
1111110000
100100000000
1010001001000
111001001000
1110101100100
111111100100
101010000000
11101000000
1111100000
11111101000
1100100000000
11001010100000
1111001100000
11111010001100
111111011100010
11110001100000000
111110100000011000
1100100000000011000000
11010100000010011000000
1111100000011001000000
11001000001000000000100000
110010000010000101000100000
11100010000011001000001000
111010110000011001000001000
11111110001000001001100000
11001000001001000000010000
110010000010010101000010000
11110010000010011000010000
111100110100010011000010000
