(111010100001101010001000010)
1111111111111111111111111111111111111111111111111111111111111000
1010
11100000000000000
111000010100000000
11100011100000000
111101011100000000
11111111100000000
10000001000000
1100000100000
110000110000
1101010110000
111110110000
1111101101010
111111110110
11110000000
111101010000
11111110000
100100000000
11010000000
110100010100
11101101000
111011011010
11111110110
111100000000
1111000101000
111100111000
1111010111100
111111111100
1100000
11010100
1111100
110000000000
1100001010000
111000110000
1110101011000
111111011000
111001000000000
1110101000000100
111111001000000
1111111011000000
11100000100000000
111000010100100000
11100100000111000
111101011100000100
11111111100100000
10100001000000
1110000100000
1000100001000000000000
10100000100010000100000
1110000100001000100000
11100001000010101100000
1111100001000011100000
11111000101111000010000
1111110011111000010000
11111110111111000010000
111111100001000100000000
1000100010000000100000000
110000001000100010000000
1101010000100010001000000
11010100010000001101010000
111010100001101010001000010
