(111010100001101010001000010)
1111111111111111111111111111111111111111111111111111111111100000
10001000
100100100
1010010100
11001010100
1010101010
11010101100
1101011010
110110110
11101110
111110000000
100000100000
1001000010000
10100100010000
110010001000100
10101010001000
110100010001100
11010100100010
1101101001000
111010010010
111100100
1111010010
11111010100
11010100000
1101000010
110110000
11101000
11100
110000000
10100000
110010000
10101000
110011000
11010100
1101010
11101100
1111010
111000000
110000
10100
110100
1110100
11110100
111110100
110100000
11010000
1101000
11100100
111010010
1111010100
11110110010
1111101010
1101100000
111010000
1111001000
11110100100
111110010100
101010100000
1101000001100
110101000010
11011010000
1110100010
1111000
101000000
1100100000
101010000
1100110000
110101000
11010010
1101100
111010
1110000000
1100000
101000
1100100
1010100000000
1010101000100000
11010100000100100
110101000001010010
1101010000100110010
110101010100001010
1101011010100001100
11101010000110011100
111010100001101000000010
111010100001101010001000010
