(111100110100010011000010000)
1111111111111111111111111111111111111111111111111111111111110000
100100
101010
110110
1111000000000
111100100100000
111101010100000
111101101100000
1111111100000
10001000
1100101000
1101011000
111010110100
111010111010
111101111010
111110111110
1111111000000
1000010000
101001010000
110101010000
110110110000
1111110000
100100000
101010000
110100010
111010010
111101010
111110110
1111111000000000
1000010000000
100100100010000
101010100010000
110110100001000
1111100010000
10010001000000
10101000100000
11010001000010
111100010000
11111001010000
101010001000000
110100010000010
111010001000010
111101000100010
110001000110000000
11010010000110001000
11101010000110001000
1110101000011000110010
1111010110001100001010
1111101100001100011010
1111110111000110000110
111100011000011100000
11110100111000011100000
11111010111000011100000
11111101111000011100000
1111100001110000100000
11100010000001000010000
11100101000001000010000
1110010100010011000010000
111100110100010011000010000
