(111100110100010011000010000)
1111111111111111111111111111111111111111111111111111111111111000
1010
1110000000
11101010000
1111110000
100100
1101100
11101110
1111100000
10001000
1100100
110110
1111000000
1000010000
11010010000
111010010010
11001001100000
111010001100100
1111011001100010
1110011000110000
11110111000110000
11110001100010000
11001000010001000
1100100011001000
11101100011001000
1110001100100100000
11100011001001101000
111011001100011100010
1110111011101000111000
111101000111000111100000
111100011100011000010000
11110010000010011000010000
111100110100010011000010000
