(11111110110100100011010010000000111000000)
1111111111111111111111111111111111111111111111111111111111111000
1010
1110000000000000
11100001010000000
1110001110000000
11110101110000000
1111111110000000
100000100000
11000010000
1100011000
11101011000
1111111000
1010000000
111000000
1110101000
111111000
1111111010
1110000000
11101010000
1111110000
100100000000
1010001001000
111001001000
1110101100100
111111100100
101010000000
11101000000
1111100000
11111010100
1111111100
11000000
110101000
11111000
111111010
11100000000
111000101000
11100111000
111101011100
11111111100
1100000
11010100
1111100
11000000000
110101000000
11111000000
111111010000
11000100000000
110001001010000
11100100011000
111001101011000
11111100111000
111111101111000
111110010000000
1111110110000000
111000000100000000
1111010000001000000
1100000010000010000000000
11000001010001000001000000
1110001000001000000110000
11101011000001000000110000
1111111000011000000100000
1100010000000100001000000
1100010000001000000000000010001000000
11000100000010000001010000010001000000
1110000010001000000110001000000100000
11100000100010000001101011000000100000
1111110000001000100000111000001000000
11111100000010001011110000010001000000
1111110010000001111110000001000100000
11111110110000001111110000001000100000
11111100000011100000001000010001000000
111111000000111000000010010110001000000
1111110010100100011010010000000111000000
11111110110100100011010010000000111000000
