(111010100001101010001000010)
1111111111111111111111111111111111111111111111111111111111111000
1010
1110000000000000
11100001010000000
1110001110000000
11110101110000000
1111111110000000
100000100000
11000010000
1100011000
11101011000
1111111000
1010000000
111000000
1110101000
111111000
1111111010
1110000000
11101010000
1111110000
100100000000
1010001001000
111001001000
1110101100100
111111100100
101010000000
11101000000
1111100000
11111010100
1111111100
11000000
110101000
11111000
111111010
11100000000
111000101000
11100111000
111101011100
11111111100
1100000
11010100
1111100
11000000000
110001010000
11100011000
111010111000
11111111000
101000000
11100000
111010100
11111100
1100000000
11001010000
1110110000
11101101010
1111110110
111100000000
1111101000000
11000001000000000
110101000000100000
11111000001000000
111111010000100000
11000010000100000000
110000100001010100000
11110000100001100000
111100010111000010000
11111001111000010000
111111011111000010000
11111100001000100000000
111111101000000100010000
110000001000100010000000
1101010000100010001000000
11010100010000001101010000
111010100001101010001000010
