(111010100001101010001000010)
1111111111111111111111111111111111111111111111111111111111110000
100100
101010
110110
111100000000000
11110010010000000
11110101010000000
11110110110000000
111111110000000
100000100000
101000010000
110100010000
1110001000
111010011000
111101011000
11110101110010
11111010111010
11111101111010
11111110111110
11111111100000000
100001000000
101000100000
110100001000
11010010011000
11010101011000
1110101010110100
1110101110101010
1111011010111010
1111011101111010
1111101111101110
1111110111100000000
11111000000010000000
1111110010000010000000
10100000100000010000000
1010100100001000000100000
1101010000100000010000010
110101000010100100010000010
110101000100000101101010000
111010100001101010001000010
