(11111110110100100011010010000000111000000)
1111111111111111111111111111111111111111111111111111111111111000
1010
11100000000000000
111000010100000000
11100011100000000
111101011100000000
11111111100000000
10000001000000
101010001000000
11110001000000
111101011000000
11111111000000
1000010000000
10101000010000
1111000010000
10001000100000000000
101000010001000100000
11100010001000100000
111000100010101100000
11111000100011100000
111110001010111100000
11111110001111100000
111110010000000010000
1111110100100000000100
11111110110000000010010
111000000001100100000000
110010000000100000000000010000000
1100100000001000010100000010000000
111000100000001001100000001000000
1110101100000001001100000001000000
111111100000010000000110010000000
1100100000010000000010000010000000
11001000000100010100010000010000000
1110010000001001100000001000001000
11101011000001000000011001000000100
1111111001000000100110000000100000
11001000000101000000001000010000000
1110000001001100000001000010000000
11100000010011010100001000010000000
1111100100000011100000001000010000
11111101100000011100000001000010000
11100000011100000001000010001000000000
111010100000010001000010000000111000000
11111100000011100000001000010001000000
111111000000111000000010010110001000000
1111110010100100011010010000000111000000
11111110110100100011010010000000111000000
