(111010100001101010001000010)
1111111111111111111111111111111111111111111111111111111111110000
100100
101010
110110
11110000000
100000100000
101000010000
110100010000
1110001000
1110010100
1110101100
11101110
11111000000
1000010000
1010001000
1101001000
11100100
11101010
11110110
1111110000000
1000100000
1010010000
1010101000
1101101000
11111000
1010000
101010100
110101010
111011010
111101110
111111000000
100010000
101001000
110101000
111011000
11110110100
111010100000
11110101000100
110100010100000
11000101000010000000
1100010100001010010000
1101010000110001010000
111001010100001101010000
11110011010100001101010000
110101000100000101101010000
111010100001101010001000010
