(111100110100010011000010000)
1111111111111111111111111111111111111111111111111111111111110000
100100
101010
110110
111100000000000
11110010010000000
11110101010000000
11110110110000000
111111110000000
100000100000
101000010000
101000101000
110100101000
110101011000
111011011000
1111111000
101000000
110100000
111010000
111101000
111110100
11111101100
111010000000
111101000000
111110100000
111111010000
111111101000
11001000000
11010100000
11011010000
111110000
11111010010
11111101010
11111110110
1111000000
111100100100
111101010100
111101101100
1111111100
1100000
11000
1110100
111101100
11111011100
11110100000000
1111010010000010
1111101010000010
1111110110000010
11100000110000000
1110000100101100000
1110101000011100000
1111011000011100000
111000011100001000000000
11100100100000100001110000
11101010100000100001110000
11101101100000100001110000
111111100001110000100000
11100010000001000010000
11100101000001000010000
1110010100010011000010000
111100110100010011000010000
