(111100110100010011000010000)
1111111111111111111111111111111111111111111111111111111111111000
1010
11100000000000
111010100000000
11111100000000
10000001000000
1100000100000
110000110000
1101010110000
111110110000
1111101101010
111110111110
11111110000000
100000100000
11000010000
110100110000
11110110000
111110110010
11100110000000
111001100010100
11100111001100
111101110011100
1111011110111100
11111011111011110
1111110111110000000
1111110000001000000
1000001000001000000
110000100000100000
1110100010000010000
11110100100000100010
110010000010001100000000
1101010000011001000001000
111110001000001001100000
11001000001001000000010000
110010000010010101000010000
11110010000010011000010000
111100110100010011000010000
