(11111110110100100011010010000000111000000)
1111111111111111111111111111111111111111111111111111111111100000
10001000
100100100
1010010100
11001010100
1010101010
11010101100
1101011010
11101011100
111100111100
111101000000010
1111101000000100
11000000101000000
1010000010100000
11001000010100000
1010100001010000
11001100001010000
1101010001010000
110100010100010
11011000101000
1110100101000
1110010100
1101010
11101100
1111010
1110000000
1100000
101000
1100100
101010
1101100
111010
11100000000
11000000
1010000
11001000
1010100
11010100
110110100
11101010
111101100
11111010
111000000
110000
10100
110100
1110100
11110100
111110100
1101000000
110100000
11010000
1101000
11100100
111010010
1111010100
11110110010
1111101010
11011000000
1110100000
1110000
1110100010
11110100100
111101010010
1111011001010
11110110100110
1111101101010
11101011000000
1110110100000
111101100000
11111010000
11111010100010
111110110010010
1111101101001010
11111011100101010
11111011110001101010
11111011110100011101010
111110111110101011100100
1111101111101010111010010
11111011111010101111001010
111110111110110010111101010
11111101111101010111101010
111111011111010101111100110
1111110111110101100000010110
11111110110100000011011000000
11111110110100001000111011000000
11111110110100001010001111011000000
11111110110100001010010000000111000000
11111110110100100011010010000000111000000
