(3,3,3)
1111111111111111111111111111111111111111111111111111111111111000
1010
11100000000000000
111000010100000000
11100011100000000
111101011100000000
11111111100000000
10000001000000
1100000100000
110000110000
1110100110000
111110110000
1111101101010
111111110110
11110000000
111110100000
11111110000
100100000000
1010001001000
111001001000
1111010100100
111111100100
1010100000000
111010000000
11111000000
111110101000
11111111000
1010000000
111000000
1110101000
11110101010
1111111010
11100000000
111000101000
11100111000
111101011100
11111111100
11000000
110101000
11111000
111111010
111000000000
1111010000000
111111000000
1111111010000
11000100000000
110001010100000
11110001100000
111100011101000
11111001111000
111110101111100
11111111111100
11111111111111000000000000000
1010000000000000
10100010100000000
101000101000101000
