(3,3,2)
1111111111111111111111111111111111111111111111111111111111111000
10100000000000000
1110000000000000
11100010100000000
1110001110000000
11110101110000000
1111111110000000
100000100000
11000010000
1100011000
11101011000
1111111000
1010000000
111000000
1110101000
111111000
1111111010
1110000000
11101010000
1111110000
100100000000
1010001001000
111001001000
1110101100100
111111100100
101010000000
11101000000
1111100000
11111010100
1111111100
11000000
110101000
11111000
111111010
11100000000
111010100000
11111100000
1000100000000
10100010001000
1110010001000
11101011000100
1111111001000
1010010000000
111001000000
1110101000100
111111001000
1111111011000
1110010000000
11101010000100
1111110010000
101000100000000
1010001010001000
