(3,3,3)
1111111111111111111111111111111111111111111111111111111111110000
100100
101010
110110
1111000000000000
111100001001000000
111100010101000000
111100101101000000
1111001111000000
111100111100100100
111101010100111100
111101011010111100
111110111010111100
111110111101111100
11111101111011111100
1111110111110000000010
1111111011111000000010
1111110000000110000000
110000001000000001000000
110000010100000001000000
110100000010000001100000
1110000110000001000000
111001001110000001000000
111010101110000001000000
111101101110000001000000
1111111110000001000000
100000100000100000
101000010000010000
101000101000010000
101000101000101000
