(3,3,2)
1111111111111111111111111111111111111111111111111111111111100000
10001000
11000101000
1010010100
11001010100
1010101010
11010101100
1101011010
11101011100
111100111100
111110011111000
1111101000000100
11000000101000000
1010000010100000
11001000010100000
1010100001010000
11001100001010000
1101010001010000
110100010100010
11011000101000
1110100101000
1110010100
1101010
11101100
1111010
1110000000
1100000
101000
1100100
101010
1101100
111010
11100000000
11000000
1010000
11001000
1010100
11010100
110110100
11101010
111101100
11111010
111000000
110000
110100010
1110100100
11101010010
111011001010
11110101010
111101100110
11111011010
111011000000
11110100000
111110010000
1010001000000
1010001010001000
