(3,3,2)
1111111111111111111111111111111111111111111111111111111111110000
100100
11001100
110110
11110000000
100000100000
101000010000
110100010000
1110001000
1110010100
1110101100
11101110
11111000000
1000010000
1010001000
1101001000
11100100
11101010
11110110
1111110000000
1000100000
1010010000
1101000100
11101000
11110100
110100000
1110000
111010010
111101010
111110110
11111110000000
100100000
101010000
10101010100
11010101010
11011011010
11101110110
11110111000000
111100000100000
1000010000100000
1010001000010000
1010001010001000
