(3,3,2)
1111111111111111111111111111111111111111111111111111111111100000
10001000
100100100
1010010100
11001010100
110011001100
11010101100
111001101100
110110110
11101110
111110000000
100000100000
1001000010000
10100100010000
110010100010000
10101010001000
110100010001100
11010100100010
1101101001000
111010010010
111100100
10101000000
110011000000
11010100000
1101000010
110110000
11101000
11100
110000000
10100000
110010000
10101000
110011000
11010100
1101010
11101100
1111010
111000000
110000
10100
110100
1110100
11110100
111110100
110100000
1110010000
1101000
11100100
111010010
1111010100
11111001100
1111101010
1101100000
111010000
1100010000000
101001000000
1100100000100
101010100000
1101000001100
110101000010
11011010000
1110100010
1111000
101000000
1100100000
101010000
1100110000
110101000
11010010
111010100
1110110010
111101010
1111101100
1110100000
11110010000
1010001000000
1010001010001000
