(3,3,3)
1111111111111111111111111111111111111111111111111111111111110000
100100
101010
110110
111100000000000
11110010010000000
11110101010000000
11110110110000000
111111110000000
100000100000
101000010000
101000101000
110100101000
110101011000
111011011000
1111111000
101000000
110100000
111010000
111101000
111110100
110100000000
111010000000
111101000000
111110100000
111111010000
1100010000000
11001000000
11010100000
11101100000
111110000
11111100100
101010000000
110110000000
1111000000
111101001000
111110101000
111111011000
1110010000000
1110101000000
1110110100000
11111100000
100010000000
101001000000
110101000000
111011000000
11101100010010
1110110011000110
11111011000110
11100011100000000
1110010010000111000
1110010101000111000
1110101101000111000
111010110110010111000
1111010111000111010
1111101111000111010
1111110111100011110
11111000111110000000
1111110010111110000000
1111110101111110000000
1111111011111110000000
111111110000001000000
100000100000100000
101000010000010000
101000101000010000
101000101000101000
