(3,3,2)
1111111111111111111111111111111111111111111111111111111111111000
1010
11100000000000000
111000010100000000
11100011100000000
111101011100000000
11111111100000000
10000001000000
1100000100000
110000110000
1101010110000
111110110000
1111101101010
111111110110
11110000000
111101010000
11111110000
100100000000
11010000000
1111000000
11110101000
1111111000
11111111010
1110000000
11101010000
1111110000
11111110100
110100000000
1101000010100
111001101000
1110101101100
111111101100
1110100000000
111110000000
1111101010000
111111110000
10010000000
1101000000
111100000
1111010100
111111100
1100000000
11001010000
1110110000
11101101010
1111110110
1111000000000
11110101000000
1111111000000
10000100000000
101000100001000
11100100001000
111010110000100
11111110010000
101000100000000
1010001010001000
