(3,3,3)
1111111111111111111111111111111111111111111111111111111111110000
100100
101010
110110
11110000000000
1111001001000000
1111010101000000
1111011011000000
11111111000000
1000010000
101001010000
110101010000
110110110000
1111110000
1001000000
1010100000
1101100000
11110000
1111100100
101010000000
110100000010
111010000010
111101000010
1100001100000000
11000110000000
1100100100011000
1100101010011000
1101011010011000
1110101100011010
1111011100011010
111101110100111010
111101111010111010
111110111101011110
111110111110111110
11111101111110000000
11111110000001000000
100000100000100000
101000010000010000
101000101000010000
101000101000101000
