(3,3,3)
1111111111111111111111111111111111111111111111111111111111111000
1010
1110000000000000
11100010100000000
1110001110000000
11110101110000000
1111111110000000
100000100000
11000010000
1100011000
11101011000
1111111000
1010000000
111000000
1110101000
111111000
1111111010
1110000000
11101010000
1111110000
11111110100
11010000000
110100010100
11101101000
111011011010
11111110110
11110000000
111110100000
11111110000
111111110100
1101000000
111100000
100010000000000
1010010001000000
111001000100000
1110101001000100
111111001000100
10100010100000000
101000101000101000
