(4,4,4)
1111111111111111111111111111111111111111111111111111111111110000
100100
101010
110110
1111000000
1000010000
1010001000
1010010100
1101010100
1101101100
111011011100
11101110100000
1111000001100000
1100001000010000
1100010100010000
10100100000010001000
1010010100100010001000
1101010001000100010100
1101011010100010001000
1110110001000100011010
1111011100010001000110
1111000100010001110000
1110001000100100001000
100100010010000100100000
101010000100100010010000
101010001010100010010000
101010001010100010101000
