(5,5,5)
1111111111111111111111111111111111111111111111111111111111111000
1010
111000000000
1110101000000
111111000000
1000010000
110001000
1101011000
111111000
1010000
110001000000000
1100010001010000
111000110001000
1100100000001001000
11001000010101001000
1111001000110010000
11111011000110010000
11100011001000100000
110010001000010000000100
1100101010000100001000100
111100110010001000010000
1111101110010001000010000
1111001000100001000100000
101000100001000100001000000
1010101000100001000100001000
10101010001010101000100001000
101010100010101010001010101000
