(5,5,5)
1111111111111111111111111111111111111111111111111111111111110000
100100
101010
1101100000000000
11110000000000
1111001001000000
1111010101000000
1111011011000000
11111111000000
1000010000
1010001000
1010010100
1101010100
1101101100
11111100
11000000
110000
1100
110000000000
1100000000
111001000000
11110011000000
1111100111000000
111010000000100000
111101000000100000
111110100000100000
111111010000100000
110000100001000000
1100010000100000
110100110000100000
111010110000100000
111101110000100000
1111000010000100000000
111100001000010100100000
111100001010101000010000
111100010100010101010000
11111001010100010101010000
1010101000101010100010000000
101010100010101010001001001000
101010100010101010001010101000
