(6,6,6)
1111111111111111111111111111111111111111111111111111111111110000
100100
101010
110110
1111000000000000
111100100100000000
111101010100000000
111101101100000000
1111111100000000
10000001000000
10100000100000
10100001010000
11010001010000
11010010110000
11101010110000
11101101110000
111111110000
1001000000
1010100000
1101100000
111011000100
11110110001100
1111101100011100
111111011000111100
11110100000000111000
11111010000000111000
1111101001111000000010
1111110101111000000010
1111111011111000000010
1111110000000110000000
110000001000000001000000
110000010100000001000000
110100000010000001100000
1110000110000001000000
111001001110000001000000
111010101110000001000000
111101101110000001000000
1111111110000001000000
100000100000100000
11001000100000100000
1110010001000001000100
101000100000100010100000000000
10100100100000001010001000001000
10101010100010000010001010000000
1010101010001000001000101010010000
1010101010001010101010001000001000
101010101000101010101000101001001000
101010101000101010101000101010101000
