(7,7,7)
1111111111111111111111111111111111111111111111111111111111111000
1010000000000
111000000000
1110001010000
111001110000
1110100000001000
111110001000000
100100000100000
11000010010000
10010001000000001000
101001000100100010000
1101101000010001001000
111101100010010001000
11100010010001001000000
111010100010010001001000
11111100010010001001000
100100100010010010000
10100010010010000101000000000
1010001010000000001010000101000000000
10100010100001010001010000101000000000
101000101000010100010100001010001010000
1010101010100010100001010001010000101000
10101010101000101010101010001010000101000
101010101010001010101010100010101010101000
