(7,7,7)
1111111111111111111111111111111111111111111111111111111111110000
100100
101010
110110
11110000000000
1111010010000000
1111101010000000
1111110110000000
1110000001000000
111010010001000000
111101010001000000
111110110001000000
11100010000010000000
11100010000101000000
1110100110000101000000
1111010110000101000000
1111101110000101000000
111100001010000010000000
11110100100001000001010000
11111010100001000001010000
11111101100001000001010000
11100001000001010001000000
1110100100010001010000010000
1111010100010001010000010000
1111101100010001010000010000
111000100010100000100010000000
11100010001010000010001010010000
11100010101010001000001010001000
1111001010001010000010001010101000
111110010101010100010000010100010100
10101010101000100000101000101010000000
1010101010100010000010100010101010010000
1010101010100010101010101000101000001000
101010101010001010101010100010100100101000
101010101010001010101010100010101010101000
