(8,8,8)
1111111111111111111111111111111111111111111111111111111111111000
1010
111000000000000
1110000101000000
111000111000000
1110010100111000
111011100111000
1111001110010000000000
11110011100100010100000
111110111100100010100000
111110010001010000100000000
101000101000010000000100000000
1010010000000100001010001010000
10101000010100010100001010010000
1010100010000000000001010100001010001010000
10101000101000000010001010100001010001010000
101010001010100001010001010100001010001010000
1010101010101000101000010101000101010000101000
10101010101010001010101010101000101010000101000
101010101010100010101010101010001010101010101000
