(8,8,8)
1111111111111111111111111111111111111111111111111111111111110000
100100
101010
1101100000000000
11110000000000
1111001001000000
1111010101000000
1111011011000000
11111111000000
1000010000
1010001000
1101001000
11100100
11101010
11110110
111100000000
11111001000000
1010000010000000
101000100100100000
1010001010000010100000000000
101000101000001010000100100000
1010001010000010100010000000000010100000
101000101000001010001000001001000010100000
101010001010000010100010100000101000100000
10101001001010001000001010100010100000101000
10101010101010001010000010100010101000001000
1010101010101000101000001010001010101001001000
1010101010101000101010101010100010100000101000
101010101010100010101010101010001010100100101000
101010101010100010101010101010001010101010101000
