(8,8,8)
1111111111111111111111111111111111111111111111111111111111110000
100100000000
10100100000100
10101001000010000000
1010100100001010000000010000
101010010000101010010000010000
101010101000010010101000010000
101010101000101010101000010000
10101010101001010000101010101000
11010001010101010001010101010100
1101100101010101010001010101010100
11100101010101010001010101010101000000
1010101010101000101010101010100000100000
110010001010101010101000101010101010100000
11100100010101010101010001010101010101000100
1010101010101000101010101010100010100000101000
101010101010100010101010101010001010100100101000
101010101010100010101010101010001010101010101000
