(9,9,9)
1111111111111111111111111111111111111111111111111111111111110000
100100
101010
110110
11110000000000
1111010010000000
1111010101000000
1111011011000000
11111111000000
1000010000
101001010000
110101010000
111011010000
1111110000
111111010010
110011000000
1101100000
11110000
1111100100
101010000000
10101010010000
1101010100001100
11101100001010
11110110000110
111000011100000000
11100100100001110000
11101010100001110000
11110110100001110000
111111100001110000
1110001000001000
1001000001001000000000
10100000100100000000100000000000
1010001001000000100000000100100000
1010100000101000100100000010000000
10101000001010001010000000000010000010000000
1010100000101000101000000100100010000010000000
1010100010000010000000101010000010100010100000
101010001000001010010000101010000010100010100000
101010100010101000001010001010000010101000100000
10101010001010100000101000101010010010101000100000
10101010101010100010100000101010001010101000001000
1010101010101010001010000010101000101010101001001000
1010101010101010001010101010101010001010100000101000
101010101010101000101010101010101000101010010010101000
101010101010101000101010101010101000101010101010101000
