(9,9,9)
1111111111111111111111111111111111111111111111111111111111100000
10001000
100100100
1010010100
11001010100
1010101010
11010101100
1101011010
11011011000000
111000000111000000
11100000100000100000
1000010000010000100000
10010001000001000010000
100100100100001000010000
1010010100100001000010000
11001010000100001000010100
1100101000010100000000101000010100
101010101010000101000000001010000
101010101010000101010001000001010000
101010101010000101010001001000101010000
1010101010100001010100100101000101010000
11001001010100001010101010100001010100100
110100101010100001010101010100001010100100
1101001010101000010101010101000010101010010
11101001010101000010101010101000010101010100
111100101010101000010101010101000010101010100
101010101010000101010101010000101010101010000
101010101010100010101010101010000101010101010000
101010101010101000101010101010100001010101010101000
101010101010101000101010101010101000101010101010101000
