(9,9,9)
1111111111111111111111111111111111111111111111111111111111110000
100100
101010
110110
1111000000000000
111100100100000000
111100101010000000
111100110110000000
1111011110000000
111101111010010000
111110111100001010
111111011110000110
11111000011100000000
1111101001000001110000
1111110101000001110000
1111111011000001110000
1110001000000011100000
111100100011100010000000
11111001100011100010000000
1111110011100011100010000000
111010000000010000001000111000
111101000000010000001000111000
111110100000010000001000111000
11111010011110001000000100000010
11111101011110001000000100000010
11111110111110001000000100000010
11111100010000001000000110000000
1100000010000001001000000001000000
1100000010000001010100000001000000
1100000101000001010100000001000000
111001000101000001010100000001000000
10101000001010001010000000000010000010000000
1010100000101000101000000100100010000010000000
1010100010000010000000101010000010100010100000
101010001000001010010000101010000010100010100000
101010100010101000001010001010000010101000100000
10101010001010100000101000101010010010101000100000
10101010101010100010100000101010001010101000001000
1010101010101010001010000010101000101010101001001000
1010101010101010001010101010101010001010100000101000
101010101010101000101010101010101000101010010010101000
101010101010101000101010101010101000101010101010101000
