(9,9,9)
1111111111111111111111111111111111111111111111111111111111111000
1010
111000000000
1110101000000
111111000000
1000010000
10101010000
1111010000
110001000000
1101010001000
111000100011000000000
1110010100000110001000
11000100100000001010100000
110110001100000101010000000
1101100101000101010000011000
1110001100000101010001010100000000
11100101000010101000101010000011000
110010000000101010000101010001010100000
1100100101000101010000101010001010100000
11101100101000101010000101010001010100000
11110000010101000101010000101010001010100000000
111100101000010101000101010000101010001010100000
10101000101010000101010001010100001010100000010000
101010001010100001010100010101000010101000101010000
1010101010101010001010100001010100010101000010101000
10101010101010100010101010101010100010101000010101000
101010101010101000101010101010101000101010101010101000
