(9,9,9)
1111111111111111111111111111111111111111111111111111111111110000
100100
101010
1101100000
111000010000
100010001000
11001010001000
110100000110001000
11000100100001100000
1100010010001000010000
100100100010000100010000
101001000010010010001000
1010010000101000001010001000
101010010010100001001010001000
101010100010100100101010001000
101010101010100010101010001000
11001010101010001010101010101000
1010101010101001000010101010101000
101010101010100101001010101010101000
1100101010101010100010101010101010100000
101010101010101000101010101010101000010000
1010101010101010001010101010101010001000001000
101010101010101000101010101010101000101001001000
1010101010101010001010101010101010001010100000101000
101010101010101000101010101010101000101010010010101000
101010101010101000101010101010101000101010101010101000
