(9,9,9)
1111111111111111111111111111111111111111111111111111111111100000
10001000
11000101000
1010010100
11001010100
1010101010
11010101100
1101011010
11101011100
111100111100
111110011111000
111110100000000100
110000000010100000000
10100000001010000000
110010000001010000000
10101000000101000000
110011000000101000000
11010100000101000000
1101000001010000010
110110000010100000
11101000010100000
110000101000010000000000
110000101000010001000100000
1100001010000100100100100000
11000010100001010010100100000
110010100001010000110000010100
11000010100001010101010100000
11010001010100001010101010100000
111001001010100001010101010100000
1110100101010100001010101010100000
11110010101010100001010101010100000
1010101010100001010101010100001000000000
1010101010100001010101010100001000100010000
10101010101000010101010101000010010010010000
101010101010000101010101010000101001010010000
1100101000010101010101000010101010101000010100
101010101010000101010101010000101010101010000
101010101010100010101010101010000101010101010000
101010101010101000101010101010100001010101010101000
101010101010101000101010101010101000101010101010101000
