(9,9,9)
1111111111111111111111111111111111111111111111111111111111110000
100100
101010
110110
1111000000
1000010000
1010001000
1101001000
11100100
11101010
11110110
111111000000
10010000
10101000
11010010
1101101100
111011011100
11101110100000
1111000001100000
1100001000010000
110010011000010000
110101011000010000
111011011000010000
11101100001000100000
1110000100010000100000
100010001000010000100000
11001000100001000010001000
1110010100010000100001000100
101010001000010000100010100000
10101001001010100010000100001000
10101010101010100010000100001000
1010101010101010001010010100001000
1100001000101010101010101000101010000000
110000100101010100010101010101010100010000
110001010101010100010101010101010100010000
11100101010101010100010101010101010100010000
1010101010101010001010101010101010001000100000
110010001010101010101010001010101010101010001000
11100101000101010101010101000101010101010101000100
1010101010101010001010101010101010001010100000101000
101010101010101000101010101010101000101010010010101000
101010101010101000101010101010101000101010101010101000
