30,0,1,2,3,4,5
13,14,15,16,17,18,31
28,29,30,5,6,7,32
32,7,8,9,10,11,33
26,27,28,32,33,34,35
35,33,11,12,13,31,36
22,23,24,25,26,34,37
36,31,18,19,20,38,39
37,34,35,36,38,40,41
39,20,21,22,37,40,42
42,40,41,43,44,45,46
46,41,38,39,42,43,47
45,46,47,48,49
49,47,43,44,50,51,52
48,49,50,53,54
52,44,45,48,53,55,56
54,50,51,57,58
56,53,54,57,59
58,51,52,55,60
59,57,58,60,61,62,63
63,60,55,56,59,61,64
62,63,64,65,66
66,64,61,62,65,67,68
67,68,69,70,71,72,73
73,68,65,66,67,69,74
72,73,74,75,76
76,74,69,70,77
71,72,75,78,79,80,81
81,75,76,77,82,83,84
84,77,70,71,78,85,86
80,81,82,87,88
79,80,87,89,90
86,78,79,89,91
83,84,85,92,93
93,85,86,91,94
94,91,89,90,95
92,93,94,95,96
96,95,90,87,88
82,83,92,96,88
