12,11,10
4,3,2,1,0,12,10,9,8,7,6,13,14,15
13,14,16
16,13,4,5,6,15,17,18,19,20,21,22,23,24
18,19,25
25,18,17
24,15,14,16,17,25,19,20,26,27,28,29,30,31
26,24,23
21,20,31
29,28,32
27,28,32
30,29,32,27,26,23,22,33,34,35,36,37,38,39
34,35,40
33,34,40
39,22,21,31,30,33,40,35,36,41,42,43,44,45
41,39,38
37,36,45
44,43,46
46,44,45,37,38,41,42,47,48,49,50,51,52,53
51,50,54
49,50,54
53,52,55
48,47,56
55,52,51,54,49,48,56,57,58,59,60,61,62,63
63,56,47,46,43,42,53,55,57,64,65,66,67,68
67,66,69
69,67,68
61,60,70
62,61,70
58,59,71
64,65,72
71,59,60,70,62,63,64,72,73,74,75,76,77,78
74,75,79
79,74,73
78,72,65,66,69,68,57,58,71,73,79,75,76,80
77,78,80
76,77,80
