(10,10,6)
1111111111111111111111111111111111111111111111111111111111100000
10001000
100100100
1010010100
11001010100
1010101010
11010101100
1101011010
110110110
1110111000
111100100
101010
1101100
11101000
1100100
10101000
110100100
1100101000
10101001000
11001000110000
110001010001000
1010010001001000
1100010010001010000
10100010010010001000
101001001001001001000
101001001010001001010000
101010001001010000101010000
1010100100101010000101010000
1010101000010101010000101010000
101010101000010101000010101010100000
101010101010001001010101010000101010000
1010101010100100101010101010000101010000
1010101010101001001010101010100001010101000
1010101010101001001010101010101000101010101000
1010101010101010001010101010001010101010101010000
1010101010101010100010101010101010101000101010101000
