(10,10,10)
1111111111111111111111111111111111111111111111111111111110000000
100000100000
100001000010000
10100001000010100000
10101000100101000010000
101010010010101000010000
101010100001010101000010000
10101010100001010101000010100000
1010101010000101010101000001010100000
1010101010010001010101000001010101010000
1010101010010001010101010001001010101010000
10101010101001001010101010001001010101010000
101010101010010010101010100100101010101010000
101010101010100001010101010100100101010101010000
101010101010100001010101010101000010101010101010000
101010101010101000101010101010101000010101010101010000
101010101010101010001010101010101010000101010101010101000
101010101010101010001010101010101010100010101010101010101000
