(10,6,6)
1111111111111111111111111111111111111111111111111111111111100000
10001000
100100100
1010010100
11001010100
1010101010
11010101100
1101011010
110110110
1110111000
111100100
101010
1101100
111010
111110000
1100
111100000
101000
110010000
1010001000
1100010010000
101001001000
110001001010000
1010010010001000
1100010001001010000
10100100010010001000
10100100010010010000100
101010010001001001000100
1010101001001001001000100
10101010100100100100100100
10101010100100101000010100100
10101010100100101010001010100100
10101010101001001010100010101010000
10101010101010000101010100010101010000
10101010101010100010101010100010101010000
10101010101010101000101010101000101010101000
