(10,10,7)
1111111111111111111111111111111111111111111111111111111111100000
1000100000
10010010000
101001010000
110000101010000
110000110000110000
1100010001000110000
11000100010010001000
100100010010001001000
1010010010010001001000
1010100010010001001010000
10101001001001000101010000
101010010010100100101010000
101010100001010100100101010000
10101010100001010100100101010100000
10101010100001010101000010101010100000
10101010101000100101010101000010101010000
101010101010010010101010101000010101010000
101010101010100100101010101010000101010101000
101010101010100100101010101010100010101010101000
101010101010101000101010101010001010101010101010000
101010101010101010001010101010101010100010101010101000
