(10,7,3)
1111111111111111111111111111111111111111111111111111111111100000
10001000
11000101000
1010010100
11001010100
1010101010
11010101100
1101011010
110110110
1110111000
111100100
101010
1101100
111010
11100
1111100000
11000
1010
1110000
100100
101010000
1100110000
11010001000
110001001000
1001001001000
10100100100100
10101001001010000
1010101001001010100000
1010101010010010101001000
1010101010010010101010000100
1010101010100100001010101010000
1010101010101000010101010100010000
1010101010101010001010001010101010000
1010101010101010100010101010101000101000
