(10,9,6)
1111111111111111111111111111111111111111111111111111111111100000
10001000
100100100
1010010100
11001010100
1010101010
11010101100
1101011010
110110110
1110111000
111100100
101010
1101100
11101000
1100100
10101000
110011000
11010100
1101010
11011000
1110100
110100
1101000
11001000
11010000100
110001010000
1010010001000
11001010001000
101010001001000
1100110001001000
11010001001001000
110001001001001000
1001001001001001000
1010010010001001010000
10101001001001001010000
1010101001001001001010100000
1010101001001001001010101001000
10101010100100101010100100100100
10101010100100101010101001001010000
10101010101001001010101010000101010000
10101010101001001010101010100010101010000
10101010101010001010101000010101010101010000
10101010101010100010101010100010101010101010000
10101010101010101000101010101010101000101010101000
