(10,9,3)
1111111111111111111111111111111111111111111111111111111111100000
10001000
100100100
1010010100
11001010100
1010101010
11010101100
1101011010
110110110
1110111000
111100100
101010
1101100
111010
111110000
1100
11000
1010
1110000
100100
1010100
1100110000
11010001000
110001001000
1001001001000
10100100100100
10101001001010000
1010101001001010100000
1010101001001010101001000
1010101010010010101010010000
110010101010010010101010100100000
10101010101001001010101010010000
10101010101001001010101010100010000
10101010101010001000010101010101010000
10101010101010100010100010101010101010000
10101010101010101000101010101010101000101000
