(10,10,3)
1111111111111111111111111111111111111111111111111111111111100000
1000100000
1001000010000
1010000100010000
10100010010010000
101001000101000100
1010100100101000100
1010101001000101010000
10101010100100101010000
1010101010100100101010100000
1010101010100100101010101000100
1010101010101001001010101010010000
1010101010101001001010101010100001000
1010101010101001001010101010101000101000
1010101010101010001010001010101010101010000
1010101010101010100010101010101010101000101000
1111111111111111111111111111111111111111111111111111111110000000
100000100000
1001000010000
1010000100010000
10100010010010000
101001000101000100
1010100100101000100
1010101001000101010000
10101010100100101010000
1010101010100100101010100000
1010101010100100101010101000100
1010101010101001001010101010010000
1010101010101001001010101010100001000
1010101010101001001010101010101000101000
1010101010101010001010001010101010101010000
1010101010101010100010101010101010101000101000
