(10,5,5)
1111111111111111111111111111111111111111111111111111111111100000
10001000
100100100
1010010100
11001010100
1010101010
11010101100
1101011010
110110110
1110111000
111100100
101010
1101100
111010
111110000
1100
11000
1010
1110000
100100
1010100
11001100
1101010
11011000
1110100
110100
1101000
11001000
101001000
101010010000
101010100010000
101010100100001000
101010100100010000100
1010101010010001000100
1010101010010010000100100
1010101010010010100010100100
1010101010100100101000101010000
1010101010101000010101000101010000
1010101010101010001010101000101010000
1010101010101010100010101010001010101000
