(10,8,6)
1111111111111111111111111111111111111111111111111111111111100000
10001000
100100100
1010010100
11001010100
1010101010
11010101100
1101011010
110110110
1110111000
111100100
101010
1101100
111010
11100
1111100000
11000
1010
1110000
100100
1010100
11001100
1101010
11011000
111001000
10100100
11001010000
101010001000
110001000110000
1100010010001000
10010010001001000
10100010010010010000
10100100010100001010000
101010010010100001010000
10101010010010100001010100000
10101010010010100001010101000100
10101010100010101001001010101001000
101010101001001010101010010010101000
101010101010010010101000101010101010000
101010101010100001010101010100010101010000
101010101010101000101010101000101010101010000
101010101010101010001010101010101000101010101000
