(10,8,4)
1111111111111111111111111111111111111111111111111111111111100000
10001000
11000101000
1010010100
11001010100
1010101010
11010101100
1101011010
110110110
1110111000
111100100
101010
1101100
11101000
1100100
10101000
110100100
11010100
1101010
11011000
111001000
110100
1101000
11001000
101001000
110001010000
10100101000
11000101010000
101010010001000
101010100010010000
10101010100010010100000
1010101010010000010101001000
1010101010010010001010101001000
10101010100100101010101001001000
10101010101001001000101010101010000
10101010101010000101010101010001010000
10101010101010100010101000101010101010000
10101010101010101000101010101010100010101000
