(101010100101010100)
1111111111111111111111111111111111111111111111111111111111100000
10001000
100100100
1010010100
11001010100
1010101010
11010101100
1101011010
11101011100
111100111100
111110011111000
11111010000000100
111111001000000100
101000000101000000
1100100000101000000
101010000010100000
1100110000010100000
110101000010100000
11010000101000010
1101100001010000
111010001010000
1110100011001000
111010010101000
1110100101100100
111010011010100
11101010110100
1110101101100
111011011100
11110111100
11111011111000
1111110010000000
1010000001000000
11001000001000000
1010100000100000
11001100000100000
1101010000100000
110100001000010
11011000010000
1110100010000
1110001000
1100100
11010010
111010100
1110110010
111101010
1111101100
111111010
111000000
110000
10100
110100
1110100
11110100
111110100
1111110100
1101000000
110100000
11010000
1101000
11100100
111010010
1111010100
11110110010
1111101010
11111101100
1111111010
11100000
11000
11101000
111100100
1111010010
11111010100
111110110010
11111101010
11011000000
1110100000
1110000
1100
110000000000
10100000000
10100010001000
101001001001000
1010010010100100
10101001010100100
101010100101010100
