(10101010101010101010101001010101010101010101010100)
1111111111111111111111111111111111111111111111111111111111110000
100100
101010
110110
1111000000000
111100100100000
111101010100000
111101101100000
1111111100000
10001000
10100100
11010100
11101100
1111011100
1111010000000
111101100100000
11110111001100000
1111011110011100000
111110111100000111100
1111100000111101000000
1111101000001111100000
1111110100001111100000
111110000110000010000
1100010000001000100000
1100101000001000100000
10101000001000100001000000000
1010100000100010000101001000000
1010101000010001000001010100000
110010100001010101000001010100000
1010101000010101000000000100001010100000
101010100001010100000010010100001010100000
101010100001010100000101010100001010100000
10101010010010101010000101010100000101010000
10101010101010101010000101010100000101010000
1010101010101010101000010101010010010101010000
1010101010101010101000010101010101010101010000
101010101010101010101001010101010101010101010000
10101010101010101010101001010101010101010101010100
