(10101010101010101010101001010101010101010101010100)
1111111111111111111111111111111111111111111111111111111111110000
100100
101010
110110
111100000
10001000
10100100
11010100
1110101100
11011010000
11100001100000
110001000010000
110001010001000
11100101010001000
101010100010010000
11001010101010000100
1110011000010101010100
11010000101010101010000
11000010101010101000100000
10101010101000100001000001000
1100100010001010101010100010000
1010101010100010001010000010001000
101010101010001000101001001010001000
101010101010001000101010101010001000
11001010101010101000100010101010101000
1110010101010101010001000101010101010100
10101010101010100010001010101010101010000
1100101010101010101010000101010101010101000
111001010101010101010100001010101010101010100
1010101010101010101000010101010101010101010000
101010101010101010101001010101010101010101010000
10101010101010101010101001010101010101010101010100
