(1010101010101010010101010101010100)
1111111111111111111111111111111111111111111111111111111111111000
1010
1110000
100100
1101100
11101000
1100100
10101000
1110100
110100
1101000
11001000
101001000
11100100
1010100
111010
111110000
1100
111100000
101000
110010000
1010001000
11010101000
110101001000
1101001001000
11001001001000
101001001001000
110001001001010000
1010010010010001000
110010100100100100
1010100100100101000
1100100100101000110000
11000101001001010001000
101001001010010001001000
1101100010100100101001000
11100010010100100101001000
1010010010100100100100100
11011001001010010010100100
111001001010010010100101000
10100101001001010010100100
10101001010010010100101010000
101010101010101001010010010100
101010101010101001010100001010100
1010101010101010010101010101010100
