(101010101010101010100101010101010101010100)
1111111111111111111111111111111111111111111111111111111111110000
100100
101010
110110
1111000000
1000010000
1010001000
1101001000
11100100
11101010
11110110
111111000000
10010000
10101000
11011000
1110110100
111010100000
11010000100000
110000100001000000
11100100001000010000
1010000100001000100000
101001001010001000010000
101010101010001000010000
11001010101010101000010000
101010101010101000010001000000
11001000010101010101010100001000
1110010100001010101010101010000100
101010101010101000010101000001010000
10101010101010100001010100100101010000
10101010101010100001010101010101010000
1010101010101010100101010101010101010000
101010101010101010100101010101010101010100
