(10101010101010101001010101010101010100)
1111111111111111111111111111111111111111111111111111111111100000
10001000
100100100
1010010100
11001010100
1010101010
11010101100
1101011010
110110110
11101110
111110000
100100
1010100
11010100
110110100
11101010
110110000
11101000
11100
110000
10100
110100
1110100
11010000
1101000
11100100
101010000
1100110000
110101000
11010010
1101100
111010
1110000
1100
1100000
101000
1100100
101010
11011000000
11100000100000
100001000010000
1001000100001000
10010010010001000
100100100100100100
1010010100100100100
11001010010010010100
10101001001001010100000
10101010010010010101001000
101010100100101010100100100
1010101010010100101010100100
11001010101010010010101010100
10101010101001001010101010100000
10101010101010010010101010101001000
101010101010100100101010101010100100
1010101010101010010101010101010100100
10101010101010101001010101010101010100
