(1010101010101010101010101001010100)
1111111111111111111111111111111111111111111111111111111111100000
10001000
100100100
1010010100
11001010100
1010101010
11010101100
1101011010
110110110
1110111000
111100100
101010
1101100
111010
111110000
1100
11000
1010
1110000
100100
101010000
10101010100000
10101010101001000
10101010101010010000
10101010101010100010000
10101010101010100100001000
10101010101010100100010000100
101010101010101010010001000100
1010101010101010101001001000100
10101010101010101010100100100100
101010101010101010101010010100100
1010101010101010101010101001010100
