(101010101010101010101010100101010101010101010101010100)
1111111111111111111111111111111111111111111111111111111111110000
1001000000
110010000100
10100001010000
10101000010101000000
1010101001000101010000
110010101010000101010100
10101010100001010101010000
10101010101000010101010101000000
1010101010101001000101010101010000
110010101010101010000101010101010100
10101010101010100001010101010101010000
10101010101010101000010101010101010101000000
1010101010101010101001000101010101010101010000
110010101010101010101010000101010101010101010100
10101010101010101010100001010101010101010101010000
1010101010101010101010100101010101010101010101010000
101010101010101010101010100101010101010101010101010100
