(101010101010101010101010100101010101010101010101010100)
1111111111111111111111111111111111111111111111111111111111100000
10001000
100100100
1010010100
11001010100
1010101010
11010101100
1101011010
11101011100
111100111100
111101000000010
1111101000000100
11000000101000000
1010000010100000
11001000010100000
1010100001010000
11001100001010000
1101010001010000
110100010100010
11011000101000
1110100101000
1110010100
1101010
11101100
1111010
1110000000
1100000
101000
1100100
11010010
111010100
1110110010
111101010
1111101100
111111010
11100000
11000
11101000
111100100
1111010010
1111011000110
1111011100010110
11110111001001110
111101110100101110
1111011110111010100
11110111101110110010
1111011110111101010
11111011110111101100
1111101111011111010
11111011111011000000
1111110111110000010
111111000001100000
11000010000010000
110001001000010000
1100100101000010000
11001010011000010000
110100110011000010000
11010101011000010000
11010101011010001010000
111010101011000010100100
1110101010110000101010010
11110100101010000110101100
111110011010110000101010100
1101011010000001010101010000
1101011010001010101010100000010
11101011010000001010101010100100
111010110100000010101010101010010
1111010010101010101010000001011100
11111001110100000010101010101010100
111010000001010101010101010100000010
1111010000001010101010101010100000100
11111001000001010101010101010100000100
101010101010101010000010100000010100000
101010101010101010000010100100010010100000
1010101010101010100000101010010010010100000
10101010101010101000001010100101001010100000
110010101010000010101010101010101000001010100
10101010101010101000001010101010101010100000
10101010101010101010001001010101010101010100000
101010101010101010100100101010101010101010100000
101010101010101010101001001010101010101010101001000
1010101010101010101010010010101010101010101010100100
10101010101010101010101001010101010101010101010100100
101010101010101010101010100101010101010101010101010100
