(10101010101010101001010101010101010100)
1111111111111111111111111111111111111111111111111111111111110000
100100
101010
110110
11110000000000
1111001001000000
1111010101000000
1111011011000000
11111111000000
1000010000
1010001000
1010010100
1101010100
1101011010
1110111010
1111011110
11111100000000
10000001000000
10100000100000
10100001010000
11010001010000
11010001101000
1101100101101000
1110101101100010
111011001011011010
111011010111011010
111101110111010110
111101110111101110
1111011110111100000000
111110111101111000000100
11111011110000001010000000
1111100000010100000010000000
101000001000000010000001000000
101000001000000101000001000000
101000010100000101000001000000
101000010100000101000010100000
10101001001010000101000001010000
10101010101010000101000001010000
1010101010101000010101001001010000
1010101010101000010101010101010000
101010101010101001010101010101010000
10101010101010101001010101010101010100
