(10101010101010101010101010101001010101010101010101010101010100)
1111111111111111111111111111111111111111111111111111111111110000
100100
101010
110110
11110000000000
1111001001000000
1111010101000000
1111011011000000
11111111000000
1000010000
1010001000
1010010100
1101010100
1101011010
1110111010
1111011110
11111100000000
10000001000000
10100000010001000000000000
1010000100100000010001000000
1010100010100000010001000000
110010000101010001010000001000
11100101000000101000101010000100
10101000101000000101010000000001010000
1010100010100000010101000001001001010000
1010101010000101010001010000001010100000
1101000001010100000101010101000010101000
1110100001010100000101010101000010101000
1111010001010100000101010101000010101000
111110100010101000001010101010000101010100
11000101010000010101010100001010101010000000
1110010000010101010100001010101010000010101000
111100101010100000101010101000010101010100000100
1010101010000101010101000001010101010000000010100000
101010101000010101010100000101010101000001001010100000
101010101000010101010100000101010101000010101010100000
10101010101001001010101010000101010101000001010101010000
10101010101010101010101010000101010101000001010101010000
1010101010101010101010101000010101010101001001010101010000
1010101010101010101010101000010101010101010101010101010000
101010101010101010101010101001010101010101010101010101010000
10101010101010101010101010101001010101010101010101010101010100
