(1010101010010101010100)
1111111111111111111111111111111111111111111111111111111111110000
100100
101010
110110
1111000000000
111100100100000
111101010100000
111101101100000
1111111100000
10001000
10100100
11010100
11101100
1111011100
111110111100
1111101000000
11000001000000
11000010100000
11010000110000
11101000110000
11110100110000
11111010110000
11111101110000
1111000100000
111101001100000
111110101100000
111111011100000
11110000100000
10001000010000000
1001001000100001000
1010101000100001000
1101101000100001000
11111000100001000
100100001001000000
101010000100100000
101010000101010000
10101010010101010000
1010101010010101010100
