(10101010101010101001010101010101010100)
1111111111111111111111111111111111111111111111111111111111100000
10001000
100100100
1010010100
11001010100
1010101010
11010101100
1101011010
11101011100
111100111100
111101000000010
1111101000000100
11000000101000000
1010000010100000
11001000010100000
1010100001010000
11001100001010000
1101010001010000
110100010100010
11011000101000
1110100101000
1110010100
1101010
11101100
1111010
1110000000
1100000
101000
1100100
101010
1101100
111010
11100000000
11000000
1010000
11001000
110100100
1101010010
11011010100
1110101010
11101100110
11101110111000
11110111011101000
111101110111100100
1111011101111010010
11111011101111010100
111110111011110110010
11111011101111101010
111110111100000011010
11111011110000010110
1111110111100000110
111110000011100000
1110000100000010000
1110100010100000010000
11110010010100000010000
111101001010100000010000
1111100101010100000010000
10101010100000010001000000
101010101000001001001000000
1010101010000010010100100000
11001010000010101010100000100
1010101010000010101010100000
1010101010100010010101010100000
10101010101001001010101010100000
10101010101010010010101010101001000
101010101010100100101010101010100100
1010101010101010010101010101010100100
10101010101010101001010101010101010100
