(1010101010010101010100)
1111111111111111111111111111111111111111111111111111111111110000
100100
101010
110110
111100000000000
11110010010000000
11110101010000000
11110110110000000
111111110000000
100000100000
101000010000
101000101000
110100101000
110101011000
111011011000
1111111000
101000000
110100000
111010000
111101000
111110100
11111101100
111010000000
111101000000
111110100000
111111010000
111111101000
11001000000
11010100000
11011010000
111110000
11111010010
11111101010
11111110110
1111000000
111101001000
111110101000
111111011000
1110010000000
1110101000000
1110110100000
11111100000
100010000000
101001000000
110100000100
1110100000
1111010000
1111101000
1111110100
1111111010
111000000
11100100100
11101010100
11101101100
111111100
11000000
110000
1100
1100000000000
11000000000
110000000
11001001000
11010101000
11011011000
111111000
1010000000
1101000000
11100000
1110100100
1111010100
1111101100
111111011100
1111010000000
1111101000000
1111110100000
1111111010000
110001000000
1100100000
11010000
111000
11110100
11111010
11100000000
1110010010000
1110101010000
1110110110000
11111110000
1001000000
1010100000
1101000010
11110000
1111010010
1111101010
1111110110
11110000000
1111001001000
1111001010100
1111001101100
11110111100
1111101111100
111111011111100
1111111010000000
110000001000000
1100000100000
11000010000
110001000
1100100
1010100000000000
101010000100100000
101010000101010000
10101010010101010000
1010101010010101010100
