(101010101010100101010101010100)
1111111111111111111111111111111111111111111111111111111111110000
100100
101010
110110
11110000000000
1111001001000000
1111010101000000
1111011011000000
11111111000000
1000010000
1010001000
1010010100
1101010100
1101011010
1110111010
1111011110
11111100000000
10000001000000
10100000100000
11010000100000
111000010000
111000101000
111001011000
111010111000
11110101110100
11110101111010
11111011111010
1111110110000000
1110000001000000
111100100001000000
1010000100000100000000
101001001000010000010000
101010101000010000010000
10101010100001010010010000
10101010100001010101010000
1010101010100101010101010000
101010101010100101010101010100
