(10101010101010101010101001010101010101010101010100)
1111111111111111111111111111111111111111111111111111111111110000
100100
101010
110110
111100000000000
11110010010000000
11110101010000000
11110110110000000
111111110000000
100000100000
101000010000
101000101000
110100101000
110100110100
111010110100
111010111010
111101111010
111110111110
111111100000000
10000001000000
10100000100000
11010000100000
111000010000
111000101000
111001011000
111010111000
11110101110100
11110101111010
11111011111010
11111101100000000
111000000010000000
111000000101000000
111000001011000000
111010000111000000
1110000110000000000100000
111000011000001001000100000
111000011000010101000100000
111000011000011011000100000
1111000110000111000001000
111101001110000111000001000
111110101110000111000001000
111111011110000111000001000
1111100001110000010010000000
1111100001110000010101000000
1110001000000001000001010100000
111000100000100101000001010100000
111000100001010101000001010100000
11110010100001010101000001010100000
1010101000010101000000000100001010100000
101010100001010100000010010100001010100000
101010100001010100000101010100001010100000
10101010010010101010000101010100000101010000
10101010101010101010000101010100000101010000
1010101010101010101000010101010010010101010000
1010101010101010101000010101010101010101010000
101010101010101010101001010101010101010101010000
10101010101010101010101001010101010101010101010100
