(101010101010101010101010100101010101010101010101010100)
1111111111111111111111111111111111111111111111111111111111100000
10001000
1001001000000
1001001001001000
10100100100100100
110010100100100100
101010010010010100000
101010010010010101001000
1010101001001010100100100
101010101001001001010101000000
101010101001001001010101001000100
1010101010010010010101010100100100
10101010101001010010101010100100100
110010101010101001001001010101010100
101010101010100100100101010101010100000
101010101010101001001001010101010101001000
1010101010101010010010101010101010100100100
10101010101010101001010010101010101010100100
110010101010101010101001001010101010101010100
101010101010101010100100101010101010101010100000
101010101010101010101001001010101010101010101001000
1010101010101010101010010010101010101010101010100100
10101010101010101010101001010101010101010101010100100
101010101010101010101010100101010101010101010101010100
