(1010101010101010010101010101010100)
1111111111111111111111111111111111111111111111111111111111100000
10001000
100100100
1010010100
11001010100
1010101010
11010101100
1101011010
11101011100
111100111100
111101000000010
1111101000000100
11000000101000000
1010000010100000
11001000010100000
1010100001010000
11001100001010000
1101010001010000
110100010100010
11011000101000
1110100101000
1110010100
1101010
11101100
1111010
1110000000
1100000
101000
1100100
11010010
111010100
1110110010
111101010
1111101100
111111010
11100000
11000
11101000
111100100
1111010010
11111010100
110101000000
11010000010
1101100000
111010000
111000
111101000
1111100100
10101000000
110011000000
11010100000
1101000010
110110000
110110100010
1110110100100
11101110010100
1111001010100000000
1010101000000010000000
10101010000001001000000
101010100000100101000000
1100100000101010100000100
101010100000101010100000
101010101000100101010100000
1010101010010010101010100000
1010101010100100101010101001000
10101010101001001010101010100100
101010101010100101010101010100100
1010101010101010010101010101010100
