(10101010101010101010101010101001010101010101010101010101010100)
1111111111111111111111111111111111111111111111111111111111100000
10001000
100100100
1010010100
11001010100
1010101010
11010101100
1101011010
110110110
11101110
11111000000
1000010000
10010001000
101001001000
1100100100100
101010100100
1101001001100
110101010010
11011010100
110110110100
11101101010
111011101100
11110111010
111101100000
11111010000
1100010000
101001000
1100100100
101010100
1101010100
11010110100
1101101010
11101101100
1110111010
1111011000000
11100000100000
10000100001000000
100100010000100000
1010010010000100000
10101001010000100000
10101001010100010100000
110100101010000010100100
1101001010100000101010010
11101001010100000101010100
111100101010100000101010100
1010101010000010101010100000
1010101010100010010101010100000
10101010101001001010101010100000
101010101010100000101010101010100000000
101010101010100100010000101010101010100000
1010101010101010010010000101010101010100000
10101010101010101001010000101010101010100000
10101010101010101001010100010101010101010100000
110100101010101010101010000010101010101010100100
1101001010101010101010100000101010101010101010010
11101001010101010101010100000101010101010101010100
111100101010101010101010100000101010101010101010100
1010101010101010101010000010101010101010101010100000
1010101010101010101010100010010101010101010101010100000
10101010101010101010101001001010101010101010101010100000
10101010101010101010101010010010101010101010101010101001000
101010101010101010101010100100101010101010101010101010100100
1010101010101010101010101010010101010101010101010101010100100
10101010101010101010101010101001010101010101010101010101010100
