(101010101010100101010101010100)
1111111111111111111111111111111111111111111111111111111111100000
10001000
100100100
1010010100
11001010100
1010101010
11010101100
1101011010
11101011100
111100111100
111110011111000
11111010000000100
111111001000000100
101000000101000000
1100100000101000000
101010000010100000
1100110000010100000
110101000010100000
11010000101000010
1101100001010000
111010001010000
111000101000
110010100
10101010
110101100
111010111000
111101011101000
1111010111100100
11111001111100100
1111101000000010100
11111100101000000100
10101000000101000000
110010000010101000000
10101000001010100000
10101010001001010100000
101010100100101010100000
101010101001001010101001000
1010101010010010101010100100
10101010101001010101010100100
101010101010100101010101010100
