(10101010101010101010101010101010010101010100)
1111111111111111111111111111111111111111111111111111111111100000
10001000
100100100
1010010100
11001010100
1010101010
11010101100
1101011010
110110110
1110111000
111100100
101010
1101100
111010
111110000
1100
11000
1010
1110000
100100
1010100
11001100
1101010
11011000
1110100
110100
11010
11110000
10100
11010000
110001000
1001001000
10100100100
101010010100
110010101010000
1010101010001000
1010101010010000100
10101010101001000100
101010101010100100100
1010101010101010010100
1100101010101010101010000
10101010101010101010001000
10101010101010101010010000100
101010101010101010101001000100
101010101010101010101010010010000
10101010101010101010101010010010100000
10101010101010101010101010010010101000100
101010101010101010101010101001001010100100
1010101010101010101010101010100101010100100
10101010101010101010101010101010010101010100
