(1010101010101010010101010101010100)
1111111111111111111111111111111111111111111111111111111111110000
100100
101010
110110
1111000000000
111100100100000
111101010100000
111101101100000
1111111100000
10001000
10100100
10101010
11011010
11101110
1111100000000
10000001000000
10100000100000
10100001010000
11010001010000
11010001101000
1101100101101000
1110101101100010
111011001011011010
111011010111011010
111101110111010110
111101110111101110
111101111011110000000
11111011110111100000100
111110111100000101000000
1111100000101000001000000
10100001000000100000100000
10100001000001010000100000
1010010010100001010000010000
1010101010100001010000010000
101010101010000101001001010000
101010101010000101010101010000
10101010101010010101010101010000
1010101010101010010101010101010100
