(101010101010101010101010100101010101010101010101010100)
1111111111111111111111111111111111111111111111111111111111100000
10001000
100100100
1010010100
11001010100
1010101010
11010101100
1101011010
11101011100
111100111100
111110011111000
11111010000000100
111111001000000100
101000000101000000
1100100000101000000
101010000010100000
1100110000010100000
110101000010100000
11010000101000010
1101100001010000
111010001010000
1110100011001000
111010010101000
1110100101100100
111010011010100
11101010110100
1110101101100
111011011100
11110111100
11111011111000
1111110010000000
1010000001000000
11001000001000000
1010100000100000
11001100000100000
1101010000100000
110100001000010
11011000010000
1110100010000
1110001000
1100100
11010010
111010100
1110110010
111101010
1111101100
111111010
111000000
110000
10100
110100
1110100
11110100
111110100
1111110100
1101000000
110100000
11010000
1101000
11100100
111010010
1111010100
11110110010
1111101010
11111101100
1111111010
11100000
11000
11101000
111100100
1111010010
11111010100
111110110010
11111101010
11011000000
1110100000
1110000
1110100010
11110100100
111101010010
1111011001010
11110110100110
1111101101010
11111011100110
1111110111010
1111011000000
111110100000
1111110010000
1010001000000
11001001000000
110100101000000
1110010101000000
11101001101000000
111100101101000000
1111010011101000000
11111001011101000000
111110100111101000000
1111110010111101000000
1111010100000010000010
11110110010000010000010
1111101010000010000010
11111011001000010000010
1111110101000010000010
1101000010000011000000
110100000110000010000
11010000101000010000
110100010011000010000
1101001001011000010000
11010100101011000010000
110110010101011000010000
11101010101011000010000
111010101100111000010000
11101011010111000010000
11101011010111010001010000
111101011010111000010100100
1111010110101110000101010010
11111010010101000011101011100
111111001110101110000101010100
111010111010000001010101010000
111010111010001010101010100000010
1111010111010000001010101010100100
11110101110100000010101010101010010
111110100101010101010100000010111100
1111110011110100000010101010101010100
1111010000001010101010101010100000010
11111010000001010101010101010100000100
111111001000001010101010101010100000100
101010101010101010000010100000010100000
101010101010101010000010100100010010100000
1010101010101010100000101010010010010100000
10101010101010101000001010100101001010100000
110010101010000010101010101010101000001010100
10101010101010101000001010101010101010100000
10101010101010101010001001010101010101010100000
101010101010101010100100101010101010101010100000
101010101010101010101001001010101010101010101001000
1010101010101010101010010010101010101010101010100100
10101010101010101010101001010101010101010101010100100
101010101010101010101010100101010101010101010101010100
