(101010101010101010100101010101010101010100)
1111111111111111111111111111111111111111111111111111111111100000
10001000
100100100
1010010100
11001010100
1010101010
11010101100
1101011010
110110110
11101110
11111000000
1000010000
10010001000
101001001000
1100100100100
101010100100
1101001001100
110101010010
11011010100
1110101010
1111010
11111100000000
10001000000
100100100000
1010000010100000000
1010010001000010100000
10101001001000010100000
101010100101000010100000
101010100101010001010100000
1101001010101000001010100100
11010010101010000010101010010
111010010101010000010101010100
1111001010101010000010101010100
10101010101000001010101010100000
10101010101010001001010101010100000
101010101010100100101010101010100000
101010101010101001001010101010101001000
1010101010101010010010101010101010100100
10101010101010101001010101010101010100100
101010101010101010100101010101010101010100
