(101010101010100101010101010100)
1111111111111111111111111111111111111111111111111111111111110000
100100
101010
110110
111100000
10001000
10100100
11010100
111010
11111000000
10010000
10101000
11010010
111100
11000
1110100
1111010
111111000000
1010000
101010100
110101010
111011010
111101110
1111110000
10100
1101100
111011100
1111010000
110001000
1100100
1010100000
101010100100
101010101010
110110101010
110110110110
111011011100000
1110111000010000
11110000100010000
1000100010001000
110010100010001000
11100101000100010100
101010001000101010000
11001010101000010101000
1110010101010000101010100
10101010100001010101010000
1010101010100101010101010000
101010101010100101010101010100
