(10101010101010101010101001010101010101010101010100)
1111111111111111111111111111111111111111111111111111111111100000
10001000
100100100
1010010100
11001010100
1010101010
11010101100
1101011010
110110110
11101110
11111000
1010
11100000
11000
1010000
1100010000
10010001000
100100100100
101001001010000
10101001001010100000
10101010010010101001000
101010100100101010100100
101010101001001010101010000
10101010101001001010101010100000
10101010101010010010101010101001000
101010101010100100101010101010100100
101010101010101001001010101010101010000
10101010101010101001001010101010101010100000
10101010101010101010010010101010101010101001000
101010101010101010100100101010101010101010100100
1010101010101010101010010101010101010101010100100
10101010101010101010101001010101010101010101010100
