(101010101010101010101010100101010101010101010101010100)
1111111111111111111111111111111111111111111111111111111111110000
100100
101010
110110000
1110001000
100100100
101010100
110101010
111011010
11101100
1110100
110100
111010
111110000
1100
111100000
101000
110010000
1010001000
1100010010000
10010010001000
10100100100100
10101001001010000
1010101001001010100000
101010100100101010100100
101010101001001010101010000
10101010101001001010101010100000
1010101010101001001010101010100100
1010101010101010010010101010101010000
101010101010101010010010101010101010100000
10101010101010101001001010101010101010100100
10101010101010101010010010101010101010101010000
1010101010101010101010010101010101010101010100100
1010101010101010101010100101010101010101010101010000
101010101010101010101010100101010101010101010101010100
