(101010101010100101010101010100)
1111111111111111111111111111111111111111111111111111111111100000
10001000
100100100
1010010100
11001010100
1010101010
11010101100
1101011010
110110110
11101110
111110000
100100
1010100
11010100
110110100
11101010
110110000
11101000
11100
110000
10100
110100
11010
1111000000
100010000
1001001000
101001001000000
101001001001000100
1010010010100100100
10101001010010100100
110010101001001010100
101010100100101010100000
101010101001001010101001000
1010101010010010101010100100
10101010101001010101010100100
101010101010100101010101010100
