(1010101010101010101010101010010101010101010101010101010100)
1111111111111111111111111111111111111111111111111111111111110000
100100
101010
110110
111100000000000
11110010010000000
11110101010000000
11110110110000000
111111110000000
100000100000
101000010000
110100010000
1110001000
111010011000
111101011000
111110111000
111100100000000
11111001000000100
1111110011000000100
11010000000101000000
11101000000101000000
1110100100010100000010
1111010100010100000010
1111101100010100000010
1110001010000001100000000
111010010000011000000101000
111101010000011000000101000
111110110000011000000101000
11111101100000110000001010100
111000001100000010101010000000
11110010000010101010000001100000
1100001000000000101000001010101000000
110000100000010010101000001010101000000
110000100000101010101000001010101000000
110001010000101010101000001010101000000
11100100001010101000001010101010000101000
1111001010100001010101010000010101010000100
101010101000010101010000000001010000101010100000
10101010100001010101000000100101010000101010100000
10101010100001010101000001010101010000101010100000
1010101010010010101010100001010101010000010101010000
1010101010101010101010100001010101010000010101010000
101010101010101010101010000101010101001001010101010000
101010101010101010101010000101010101010101010101010000
10101010101010101010101010010101010101010101010101010000
1010101010101010101010101010010101010101010101010101010100
