(10101010101010101010101001010101010101010101010100)
1111111111111111111111111111111111111111111111111111111111100000
10001000
10010010000000
10010010010001000
11000101001001001000
101001001001001000000100
101001001001001001000100100
1010010010010010100100100100
10101001010010010100100100100
101010010101001010100100100100
1101001010100100100100101010100
11100101010100100100100101010100
1010101010010010010010101010100000
1010101010100100100100101010101001000
10101010101001001010101010100100100100
101010101010100101001001010101010100100
1010101010101001010100101010101010100100
11010010101010101010010010101010101010100
111001010101010101010010010101010101010100
10101010101010101001001010101010101010100000
10101010101010101010010010101010101010101001000
101010101010101010100100101010101010101010100100
1010101010101010101010010101010101010101010100100
10101010101010101010101001010101010101010101010100
