(101010101010101010100101010101010101010100)
1111111111111111111111111111111111111111111111111111111111100000
10001000
100100100
1010010100
11001010100
1010101010
11010101100
1101011010
110110110
11101110
111110000000
100000100000
1001000010000
10100100010000
110010001000100
10101010001000
110100010001100
11010100100010
1101101001000
111010010010
111100100
1111010010
11111010100
11010100000
1101000010
110110000
110110100010
1110110100100
11101101010010
111011011001010
11101110101010
111101110101100
1111011110011100
111110011101000000
111010000010000010
1111010000010000100
11111001000010000100
10100001000010100000
10101000101000010100000
110010010101000001010000
1101001010101000001010000
1101001010101000001010100010
11101001010101000001010100100
111010010101010000010101010010
1111010010101010000010101010100
11111001010101010000010101010100
10101010101000001010101010100000
10101010101010001001010101010100000
101010101010100100101010101010100000
101010101010101001001010101010101001000
1010101010101010010010101010101010100100
10101010101010101001010101010101010100100
101010101010101010100101010101010101010100
