(10101010101010101010101010101001010101010101010101010101010100)
1111111111111111111111111111111111111111111111111111111111110000
100100
101010
110110
1111000000
1000010000
1010001000
1101001000
11100100
1010100000
101010100100
101010101010
110110101010
111011010110
11101011100000
1110110000010000
111000001000100000
10001000010000010000
10100010001000010000
11010001000010001000
1101010011000010001000
1101101011000010001000
1110111011000100010000
111100001000100011100000
11110000100010010000010000
11110000100010101000010000
1111000010100110101000010000
1111000011010110101000010000
1111000011101110101000010000
111100001111000010000101100000
1111000011110000100001100000010000
111100001111000010000111001000010000
111100001111000010001010111000010000
111101100010000111100001111000010000
111100001111000010001110000100010000
111100010000100010001000011100010000
111000100010000100100001000100010000
11100010001000010010000100010100110000
11100010001000010010000100011010110000
11101110001000010010000100010001110000
1111000011100010001000010010000100100000
1110001000100001001000010010000100001000
100100010000100100001001000010000100100000
101010001000010010000100100001000010010000
101010001000010010000100100001000101010000
101010001000101010000101010001000010010000
101010001000101010000101010001000101010000
11001010101000010101000100010101000010101000
1110010101010000101010001000101010000101010100
101010101000010101000100010101000010101010100000
10101010101001001010101010000101010001000101010000
10101010101010101010101010000101010001000101010000
1100101010100001010101010101010101010101000010101000
111001010101000010101010101010101010101010000101010100
10101010101010101010101010000101010101000001010101010000
1010101010101010101010101000010101010101001001010101010000
1010101010101010101010101000010101010101010101010101010000
101010101010101010101010101001010101010101010101010101010000
10101010101010101010101010101001010101010101010101010101010100
