(1010101010101010101010010101010101010101010100)
1111111111111111111111111111111111111111111111111111111111110000
100100
101010
110110
1111000000
1000010000
1010001000
1101001000
11100100
1010100000
1101000010
1110100010
110001100000
1100100000010000
110011001000010000
11100110000100001100
1101000001011000010000
1110100001011000010000
1110100010111000010000
111011001010111000010000
111011010110111000010000
111011101110111000010000
11110111000010000111100000
11110000100001111000010000
11110000100010000100010000
10001000100001000100010000
1100101000010001000100001000
111001010000100010001000010100
10101000010001000100001010100000
1010101001001010100001000100010000
1010101010101010100001000100010000
110010100001010101010101010100001000
11100101000010101010101010101000010100
1010101010101010100001010100000101010000
101010101010101010000101010100100101010000
101010101010101010000101010101010101010000
10101010101010101010010101010101010101010000
1010101010101010101010010101010101010101010100
