(1010101010101010101010010101010101010101010100)
1111111111111111111111111111111111111111111111111111111111110000
100100
101010
110110
11110000000000
1111001001000000
1111010101000000
1111011011000000
11111111000000
1000010000
1010000101000000000000
101000010100000100100000
101010000101000010100000
101010000101010000010101000000000000
10101000010101000001010100000100100000
10101000010101000001010100001010100000
1010101001001010100001010100000101010000
1010101010101010100001010100000101010000
101010101010101010000101010100100101010000
101010101010101010000101010101010101010000
10101010101010101010010101010101010101010000
1010101010101010101010010101010101010101010100
