(10101010101010101010101010101010010101010101010101010100)
1111111111111111111111111111111111111111111111111111111111100000
10001000
100100100
1010010100
1100101010000
10101010001000
10101010010000100
101010101001000100
101010101010010010000
10101010101010010010100000
10101010101010010010101000100
101010101010101001001010100100
101010101010101010010010101010000
10101010101010101010010010101010100000
10101010101010101010010010101010101000100
101010101010101010101001001010101010100100
101010101010101010101010010010101010101010000
10101010101010101010101010010010101010101010100000
10101010101010101010101010010010101010101010101000100
101010101010101010101010101001001010101010101010100100
1010101010101010101010101010100101010101010101010100100
10101010101010101010101010101010010101010101010101010100
