(101010101010101010101010100101010101010101010101010100)
1111111111111111111111111111111111111111111111111111111111110000
100100
101010
110110
111100000
10001000
10100100
11010100
111010
11111000000
10010000
10101000
11010010
111100
11000
1110100
11010000
11101000
110010000
110101000
111011000
1110010000
10100010000
1101000010100
1100001010100000
111001000101010000
1010100010100001000
110100001000101010100
110000100010101010100000
11100100010101010100010000
101010101000101000010001000
110100010001000101010101000
11101000100010001010101010100
110001000100010101010101010000
101010101010100010001001000001000
11001000100010101010101010001000100
10101010101010001000101000001010001000
1010101010101000100010101001001010001000
1010101010101000100010101010101010001000
110010101010101010100010001010101010101000
11100101010101010101000100010101010101010100
101010101010101010001000101010101010101010000
11001010101010101010101000010101010101010101000
1110010101010101010101010000101010101010101010100
10101010101010101010100001010101010101010101010000
1010101010101010101010100101010101010101010101010000
101010101010101010101010100101010101010101010101010100
