(101010101010101010001010101010101010000)
1111111111111111111111111111111111111111111111111111111111110000
100100
101010
110110000
1110001000
100100100
101010100
110101010
111011010
11101100
1110100
110100
111010
111110000
1100
111100000
101000
11010100
11011010
111011000
11100100
1010100
1100110000
11010001000
110001001000
1001001001000
110010100100100
1010100100101000
1010101000101010000
101010101000101010100000
10101010100100101010101000
10101010101000101010101010000
1010101010101000101010101010100000
101010101010101001001010101010101000
101010101010101010001010101010101010000
