(1010101010101010101010101010010101010101010101010101010100)
1111111111111111111111111111111111111111111111111111111111110000
100100
101010
110110
1111000000
1000010000
1010001000
1010010100
1101010100
1101011010
11011011000000
1110110110000100
111011000010100000
11100001010000100000
1010001000001000010000
1010001000010100010000
110100001000101000010100
1100001000101000010101000000
111001000010101000010100010000
10101000010100010001000001010000
11010000100010001010000101010000
11101000100010001010000101010000
1100010001000101000010101000100000
111001000100010101000010100010001000
10101000100010100000100100010001010000
10101000100010100001010100010001010000
1100101010000101010001000101000010101000
111001010101000010100010001010100001010100
10101010100001010001000101010000101010100000
1010101010010010101010100001010100010001010000
1010101010101010101010100001010100010001010000
110010101000010101010101010101010101000010101000
11100101010100001010101010101010101010100001010100
1010101010101010101010100001010101010000010101010000
101010101010101010101010000101010101001001010101010000
101010101010101010101010000101010101010101010101010000
10101010101010101010101010010101010101010101010101010000
1010101010101010101010101010010101010101010101010101010100
