(10101010101010101001010101010101010100)
1111111111111111111111111111111111111111111111111111111111100000
10001000
100100100
1010010100
11001010100
1010101010
11010101100
1101011010
110110110
11101110
111110000000
100000100000
1001000010000
10100100010000
110010001000100
10101010001000
110100010001100
11010100100010
1101101001000
111010010010
111100100
1111010010
11111010100
11010100000
1101000010
110110000
11101000
11100
110000000
10100000
110010000
10101000
110011000
11010100
1101010
11101100
1111010
111000000
110000
110100010
1110100100
11101010010
111011001010
11110101010
111110101100
110110100000
11101000010
11101010001010
111011001001010
1110110010100110
11101101001100110
1110110101010110
11101101100110110
1110111011011010
111011101110110
11110111101110
1111101111000000
1111100000100000
1000010000100000
1010001010000100000
11001001010000010000
110100101010000010000
110100101010000010100010
1110100101010000010100100
11101001010100000101010010
111101001010100000101010100
1111100101010100000101010100
1010101010000010101010100000
1010101010100010010101010100000
10101010101001001010101010100000
10101010101010010010101010101001000
101010101010100100101010101010100100
1010101010101010010101010101010100100
10101010101010101001010101010101010100
