(101010101010101010101010100101010101010101010101010100)
1111111111111111111111111111111111111111111111111111111111110000
100100
101010
110110
11110000000000
1111001001000000
1111010101000000
1111011011000000
11111111000000
1000010000
101001010000
110101010000
110110110000
1111110000
1001000000
1010100000
1101000010
11110000
1111010010
1111101010
1111110110
111111110000000000
10000100000000
1010010000010000
1101010000010000
110101000001010010
111010101000001010
111101100000101010
111110110100000110
11101000001110000000
11100000110000000001000000
1110000011000000100101000000
1110000011000001010101000000
111000010000000000100001010101000000
11100001000000010010100001010101000000
11100001000000101010100001010101000000
11100010100000101010100001010101000000
1111001010100000101010100001010101000000
10101010000101010100000101010100000000100000
1010101000010101010000010101010000010010100000
1010101000010101010000010101010000101010100000
101010101001001010101000010101010000010101010000
101010101010101010101000010101010000010101010000
10101010101010101010100001010101010010010101010000
10101010101010101010100001010101010101010101010000
1010101010101010101010100101010101010101010101010000
101010101010101010101010100101010101010101010101010100
