(10101010101010101010101010101001010101010101010101010101010100)
1111111111111111111111111111111111111111111111111111111111110000
100100
101010
110110
1111000000000
111100100100000
111101010100000
111101101100000
1111111100000
10001000
1100101000
1101011000
111010110100
111010111010
111101111010
111110111110
1111111000000
1000010000
1010001000
1010010100
1101010100
1101101100
11111100
1100000
110100100
110101010
111011010
111101110
11111100000000
1000001000000
1010000100000
1101000010000
11100010000
11100101000
11100110100
111011100
11110111100
1111101111100
11111101000000
1100000100000
1100001000000000010000
110000100001001000010000
110000100010101000010000
110100010000110000100010
1111000100001100001000
111110010100001100001000
1100001010100000010010000
1100001010100000101010000
110100101010100000101010000
111000010101000001010101010000000000
11100001010100000101010101000010010000
11100010101000010101010100000101010000
1111001010101000010101010100000101010000
1010101010000101010101000001010100010000000
110010000010101010100001010101010000010101000
11100101010100000101010101000010101010100000100
1010101010000101010101000001010101010000000010100000
101010101000010101010100000101010101000001001010100000
101010101000010101010100000101010101000010101010100000
10101010101001001010101010000101010101000001010101010000
10101010101010101010101010000101010101000001010101010000
1010101010101010101010101000010101010101001001010101010000
1010101010101010101010101000010101010101010101010101010000
101010101010101010101010101001010101010101010101010101010000
10101010101010101010101010101001010101010101010101010101010100
