(1010101010101010010101010101010100)
1111111111111111111111111111111111111111111111111111111111100000
10001000
100100100
1010010100
11001010100
1010101010
11010101100
1101011010
110110110
11101110
111110000
100100
1010100
11001100
1101010
11101100
111010000
1100010000
101001000
1100100100
101010100
1101001100
110101010
11011010
111011100
1111010000
110001000
100100100000
101001001001000
1100100100100100
1010010010010100000
1010100100100101001000
10101001001010100100100
101010100101001010100100
1100101010100100101010100
1010101010010010101010100000
1010101010100100101010101001000
10101010101001001010101010100100
101010101010100101010101010100100
1010101010101010010101010101010100
