(10101010101010101010101010101001010101010101010101010101010100)
1111111111111111111111111111111111111111111111111111111111100000
10001000
100100100
1010010100
11001010100
1010101010
11010101100
1101011010
11101011100
111100111100
111101000000010
1111101000000100
11000000101000000
1010000010100000
11001000010100000
1010100001010000
11001100001010000
1101010001010000
110100010100010
11011000101000
1110100101000
1110010100
1101010
11101100
1111010
1110000000
1100000
101000
1100100
101010
1101100
111010
11100000000
11000000
1010000
11001000
1010100
11010100
110110100
11101010
111101100
11111010
111000000
110000
10100
11011000
11101101000
111011100100
1110111010010
11110111010100
111101110110010
11110111101010
111110111101100
11111011111010
111111011000000
11100000100000
11000010000
1010001000
11001001000
1010100100
11001100100
1101010100
110101010
11011010
1110110
11111000000000
100000010000000
1001000001000000
10100100001000000
101010010001000000
1010101001001000000
1010101001001001000100
10101010100100100100100
101010101010010100100100
1010101010101001010010100
11001010101010101010010100
11100101010101010101001011000
11110010101010101010100101101000
11010010101010101010101000000010010
110101001000000101010101010101010010
1101010100100000101010101010101010010
11101001010101010101010100000100101100
111100110100100000101010101010101010100
110100100000101010101010101010101000000010
1110100100000101010101010101010101000000100
11101001000001010101010101010101010000010010
111101001000001010101010101010101010000010100
1111100101000001010101010101010101010000010100
10101010101010101010100000101010000001010100000
10101010101010101010100000101010010001001010100000
101010101010101010101000001010101001001001010100000
1010101010101010101010000010101010010100101010100000
11001010101010000010101010101010101010100000101010100
1010101010101010101010000010101010101010101010100000
1010101010101010101010100010010101010101010101010100000
10101010101010101010101001001010101010101010101010100000
10101010101010101010101010010010101010101010101010101001000
101010101010101010101010100100101010101010101010101010100100
1010101010101010101010101010010101010101010101010101010100100
10101010101010101010101010101001010101010101010101010101010100
