(10101010101010101010101010101001010101010101010101010101010100)
1111111111111111111111111111111111111111111111111111111111110000
100100
101010
110110
111100000
10001000
10100100
11010100
1110101100
11011010000
11100001100000
110001000010000
110001010001000
11100101000101000
101010001010010000
101010100010101000
110110100010101000
11101101000101010100
111010001010101010000
1100010101010100010000
110010011000101010101000
110101011000101010101000
11101010110001010101010100
110101100010101010101010000
11101011000010101010101010100
110110000101010101010101010000
111000010101010101010101000100000
1010101010101010100010000100001000
101010101010101010001000100000010001000
10101010101010101000100010100100010001000
1100101000100010101010101010101000100010100
1010101010101010100010001010100000101010001000
101010101010101010001000101010100100101010001000
101010101010101010001000101010101010101010001000
11001010101010101010101000100010101010101010101000
1110010101010101010101010001000101010101010101010100
10101010101010101010100010001010101010101010101010000
1100101010101010101010101010000101010101010101010101000
111001010101010101010101010100001010101010101010101010100
1010101010101010101010101000010101010101010101010101010000
101010101010101010101010101001010101010101010101010101010000
10101010101010101010101010101001010101010101010101010101010100
