(1010101010101010010101010101010100)
1111111111111111111111111111111111111111111111111111111111100000
10001000
100100100
1010010100
11001010100
1010101010
11010101100
1101011010
110110110
11101110
111110000000
100000100000
1001000010000
10100100010000
110010001000100
10101010001000
110100010001100
11010100100010
1101101001000
111010010010
111100100
1111010010
11111010100
11010100000
1101000010
110110000
11101000
11100
110000000
10100000
110010000
10101000
110011000
11010100
1101010
11101100
1111010
111000000
110000
10100
110100
11010
11100000000
11000000
1010000
1010101000
11010100100
11010010100000000
11010010100000100010
111010010100000100100
1110100101000001010010
11110100101000001010100
111110010101000001010100
101010100000101010100000
101010101000100101010100000
1010101010010010101010100000
1010101010100100101010101001000
10101010101001001010101010100100
101010101010100101010101010100100
1010101010101010010101010101010100
