(1010101010101010101010101010010101010101010101010101010100)
1111111111111111111111111111111111111111111111111111111111100000
10001000
100100100
1010010100
11001010100
1010101010
11010101100
1101011010
11101011100
111100111100
111101000000010
1111101000000100
11000000101000000
1010000010100000
11001000010100000
1010100001010000
11001100001010000
1101010001010000
110100010100010
11011000101000
1110100101000
1110010100
1101010
11101100
1111010
1110000000
1100000
101000
1100100
11010010
111010100
1110110010
111101010
1111101100
11101000000
111100100000
101000010000000
101000100001010000
1100100100001010000
11010010100001010000
11010010100001010100010
111010010100001010100100
1110100101010100001010010
11110100101000010101010100
111110010101010100001010100
1010101010100001010101000000
1010101010101000101010101000000
11010101000000101010101010100100
110101010000001010101010101010010
1110100101010101010101000000101100
11110011010000001010101010101010100
11010000001010101010101010101000000010
111010000001010101010101010101000000100
1110100100000101010101010101010100000010
11110100000010101010101010101010000010100
111110010100000101010101010101010100000100
1010101010101010101000001010100000010100000
1010101010101010101000001010100010001010100000
10101010101010101010000010101001001001010100000
101010101010101010100000101010100101001010100000
1100101010100000101010101010101010100000101010100
101010101010101010100000101010101010101010100000
101010101010101010101000100101010101010101010100000
1010101010101010101010010010101010101010101010100000
1010101010101010101010100100101010101010101010101001000
10101010101010101010101001001010101010101010101010100100
101010101010101010101010100101010101010101010101010100100
1010101010101010101010101010010101010101010101010101010100
