(1010101010101010101010010101010101010100)
1111111111111111111111111111111111111111111111111111111111100000
10001000
100100100
1010010100
11001010100
1010101010
11010101100
1101011010
110110110
1110111000
111100100
101010
1101100
111010
111110000
1100
111100000
101000
110010000
1010001000
1010010000100
10101001000100
10101010010010000
1010101010010010100000
1010101010010010101000100
10101010101001001010100100
10101010101010010010101010000
1010101010101010010010101010100000
1010101010101010010010101010101000100
10101010101010101001001010101010100100
101010101010101010100101010101010100100
1010101010101010101010010101010101010100
