(1010101010101010101010010101010101010101010100)
1111111111111111111111111111111111111111111111111111111111100000
10001000
100100100
1010010100
11001010100
1010101010
11010101100
1101011010
110110110
11101110
111110000000
100000100000
1001000010000
10100100010000
110010001000100
10101010001000
110100010001100
11010100100010
1101101001000
111010010010
111100100
1111010010
11111010100
11010100000
1101000010
110110000
11101000
11100
110000000
10100000
110010000
10101000
110011000
11010100
1101010
11101100
1111010
111000000
110000
10100
11011000
11101101000
11110110101000
1110101001000000
11101010100100000
111100110100100000
11010010000100000010
111010010000100000100
1110100100001000010010
11110100100001000010100
111110010100001000010100
101010000100001010100000
101010100010100001010100000
1100100101010100000101010000
11010010101010100000101010000
11010010101010100000101010100010
111010010101010100000101010100100
1110100101010101000001010101010010
11110100101010101000001010101010100
111110010101010101000001010101010100
101010101010100000101010101010100000
101010101010101000100101010101010100000
1010101010101010010010101010101010100000
1010101010101010100100101010101010101001000
10101010101010101001001010101010101010100100
101010101010101010100101010101010101010100100
1010101010101010101010010101010101010101010100
