(1010101010101010101010101010010101010101010101010101010100)
1111111111111111111111111111111111111111111111111111111111100000
10001000
100100100
1010010100
11001010100
1010101010
11010101100
1101011010
11101011100
111100111100
111110011111000
11111010000000100
111111001000000100
101000000101000000
1100100000101000000
101010000010100000
1100110000010100000
110101000010100000
11010000101000010
1101100001010000
111010001010000
1110100011001000
111010010101000
1110100101100100
111010011010100
11101010110100
1110101101100
111011011100
11110111100
11111011111000
1111110010000000
1010000001000000
11001000001000000
1010100000100000
11001100000100000
1101010000100000
110100001000010
11011000010000
1110100010000
1110001000
1100100
11010010
111010100
1110110010
111101010
1111101100
111111010
111000000
110000
10100
110100
1110100
11110100
111110100
1111110100
1101000000
110100000
11010000
1101000
11100100
111010010
1111010100
11110110010
1111101010
11111101100
1111111010
11100000
11000
11101000
111100100
1111010010
11111010100
111110110010
11111101010
11011000000
1110100000
1110000
1110100010
11110100100
111101010010
1111011001010
111110101010
1111101100110
111111011010
111011000000
11110100000
111110010000
1111101001000
11111100101000
10101001000000
110011001000000
11010101000000
110101100100000
11011010100000
1110110100000
111101100000
11111010000
111111001000
101001000000
1100100000100
101010100000
1101000001100
1110100000111000
1111000101110100000
11110100000111100100
111101001011110100000
1111100101011110100000
11111010000011111001100
1111101010111110100000
11111100110111110100000
1111110101111110100000
1111110110000001000010
111111101000010000010
1100001000001100000
110000101000010000
110010001100001010000
1101001001100001010000
11010100101100001010000
110110010101100001010000
11101010101100001010000
11101010101100001010100010
111101010101100001010100100
1111010101011000010101010010
11111010010101010000110101100
111111001101011000010101010100
110101101000000101010101010000
110101101000101010101010100000010
1110101101000000101010101010100100
11101011010000001010101010101010010
111101001010101010101010000001011100
1111100111010000001010101010101010100
111010000001010101010101010101000000010
1111010000001010101010101010101000000100
11110100100000101010101010101010100000010
111110100000010101010101010101010000010100
1111110010100000101010101010101010100000100
1010101010101010101000001010100000010100000
1010101010101010101000001010100010001010100000
10101010101010101010000010101001001001010100000
101010101010101010100000101010100101001010100000
1100101010100000101010101010101010100000101010100
101010101010101010100000101010101010101010100000
101010101010101010101000100101010101010101010100000
1010101010101010101010010010101010101010101010100000
1010101010101010101010100100101010101010101010101001000
10101010101010101010101001001010101010101010101010100100
101010101010101010101010100101010101010101010101010100100
1010101010101010101010101010010101010101010101010101010100
