(1010101010101010101010101010010101010101010101010101010100)
1111111111111111111111111111111111111111111111111111111111100000
10001000
100100100
1010010100
11001010100
1010101010
11010101100
1101011010
110110110
11101110
111110000
100100
1010100
11010100
110110100
11101010
110110000
11101000
11100
110000
10100
110100
11010
11100000
11000
1010
111000000
1000010000
10010001000
1001001001000000
1001001001001001000
10100100100100100100
101001010010100100100
1100101010010010010100
1010101001001001010100000
1010101001001001010101001000
10101010100100101010100100100
1010101010100100100101010101000000
1010101010100100100101010101001000100
10101010101001001001010101010100100100
101010101010100101001010101010100100100
1100101010101010100100100101010101010100
1010101010101010010010010101010101010100000
1010101010101010100100100101010101010101001000
10101010101010101001001010101010101010100100100
101010101010101010100101001010101010101010100100
1100101010101010101010100100101010101010101010100
1010101010101010101010010010101010101010101010100000
1010101010101010101010100100101010101010101010101001000
10101010101010101010101001001010101010101010101010100100
101010101010101010101010100101010101010101010101010100100
1010101010101010101010101010010101010101010101010101010100
