(1010101010101010101010010101010101010101010100)
1111111111111111111111111111111111111111111111111111111111100000
10001000
10010010000
1010010010100000
1010100100101001000
10101001001010100100
10101010010010101010000
1010101010010010101010100000
1010101010100100101010101001000
10101010101001001010101010100100
10101010101010010010101010101010000
1010101010101010010010101010101010100000
1010101010101010100100101010101010101001000
10101010101010101001001010101010101010100100
101010101010101010100101010101010101010100100
1010101010101010101010010101010101010101010100
