(101010101010101010100101010101010101010100)
1111111111111111111111111111111111111111111111111111111111110000
100100
101010
110110
111100000000
10000001000000
10100000100000
11010000100000
1101001001100000
1101010101100000
1110110101100000
1110111011100000
11110000011110000000
1111000010000001000000
1111000010000010100000
101000010000001000100000
10100100010000101000001000
11010100010000101000001000
11101100010000101000001000
1111011000100001010000010100
111000100001010000010101000000
11110010000101010000010100001000
1010100001010000001001000010100000
1010100001010000010101000010100000
101010010010101000010101000001010000
101010101010101000010101000001010000
10101010101010100001010100100101010000
10101010101010100001010101010101010000
1010101010101010100101010101010101010000
101010101010101010100101010101010101010100
