(10101010101010101001010101010101010100)
1111111111111111111111111111111111111111111111111111111111110000
100100
101010
110110
111100000000000
11110010010000000
11110101010000000
11110110110000000
111111110000000
100000100000
101000010000
101000101000
110100101000
110100110100
111010110100
111010111010
111101111010
111110111110
111111100000000
10000001000000
1010010001000000
1101010001000000
110101000101001000
110101000110101000
111011000110101000
111011000111011000
11101110010111011000
11110110001110111010
1111011100101110111010
1111011101011110111010
1111101111011110101110
1111101111011111011110
1111101111101111100000000
111111011111011111000000100
1111110111110000001010000000
11111100000010100000010000000
101000001000000010000001000000
101000001000000101000001000000
101000010100000101000001000000
101000010100000101000010100000
10101001001010000101000001010000
10101010101010000101000001010000
1010101010101000010101001001010000
1010101010101000010101010101010000
101010101010101001010101010101010000
10101010101010101001010101010101010100
