(1010101010101010101010101010010101010101010101010101010100)
1111111111111111111111111111111111111111111111111111111111100000
10001000
100100100
1010010100
11001010100
1010101010
11010101100
1101011010
110110110
11101110
111110000000
100000100000
1001000010000
10100100010000
110010001000100
10101010001000
110100010001100
11010100100010
1101101001000
111010010010
111100100
1111010010
11111010100
11010100000
1101000010
110110000
11101000
11100
110000000
10100000
110010000
10101000
110100100
1101010010
11011010100
1110101010
11101100110
1111011010
111110110
111111100000000
10001000000
100100100000
1010010100000
11001010100000
110011001100000
11010101100000
111001101100000
11101011100000
11101011101000100
111010111010010010
1110101110101001010
11101100101010111010
111011001100110111010
11101101010110111010
111011101011101101100
11101110101110111010
111101110101110111100
11110111010111100000010
111110111010111100000100
111101011110000010100000
1111100111110000010100000
1111101000001000010100000
1100000100001010000100000
101000010000101000010000
101010001010000101000010000
1100100101010000100001010000
11010010101010000100001010000
11010010101010000100001010100010
111010010101010000100001010100100
1110100101010100001000010101010010
11110100101010100001000010101010100
111110010101010100001000010101010100
101010101010000100001010101010100000
101010101010100010100001010101010100000
1100100101010101010100000101010101010000
11010010101010101010100000101010101010000
11010010101010101010100000101010101010100010
111010010101010101010100000101010101010100100
1110100101010101010101000001010101010101010010
11110100101010101010101000001010101010101010100
111110010101010101010101000001010101010101010100
101010101010101010100000101010101010101010100000
101010101010101010101000100101010101010101010100000
1010101010101010101010010010101010101010101010100000
1010101010101010101010100100101010101010101010101001000
10101010101010101010101001001010101010101010101010100100
101010101010101010101010100101010101010101010101010100100
1010101010101010101010101010010101010101010101010101010100
