(1010101010101010101010101010010101010101010101010101010100)
1111111111111111111111111111111111111111111111111111111111110000
100100
101010
110110
11110000000000
1111001001000000
1111010101000000
1111011011000000
11111111000000
1000010000
1010001000
1010010100
1101010100
1101101100
11111100
1111111100
110000
1100
110000000000
1100000000
11000000
1110010000
111100110000
11111001110000
1110100000001000
1111010000001000
1111101000001000
110000010010000000
110000010101000000
110100000110000010
111010000110000010
111101000011000010
111110100011000010
111111010001100010
110001100011000000
11100101100000011000
11101011100011000000
1110101110100111000000
1111010111000000111010
1111101111000000111010
1111110111100000011110
1111100000011111000000
111110000010000000100000
111110000101000000100000
10100010000000100001000000
10100010000001010001000000
1100100001010001000000101000
111001010100000010001010000100
101010100000010001010000101000000000
10101010000001001010100001010001000000
10101010100001010001000000101010100000
1100100001010101000001010101010000101000
111001010100001010101010000010101010000100
101010101000010101010000000001010000101010100000
10101010100001010101000000100101010000101010100000
10101010100001010101000001010101010000101010100000
1010101010010010101010100001010101010000010101010000
1010101010101010101010100001010101010000010101010000
101010101010101010101010000101010101001001010101010000
101010101010101010101010000101010101010101010101010000
10101010101010101010101010010101010101010101010101010000
1010101010101010101010101010010101010101010101010101010100
