(1010101010101010101010010101010101010101010100)
1111111111111111111111111111111111111111111111111111111111110000
100100000
10100100100000
1010010010100100
1010100100101010000
101010100100101010100000
10101010100100101010100100
10101010101001001010101010000
1010101010101001001010101010100000
101010101010100100101010101010100100
101010101010101001001010101010101010000
10101010101010101001010101010101010100100
10101010101010101010010101010101010101010000
1010101010101010101010010101010101010101010100
