(1010101010101010101010101010101001010101010101010101010100)
1111111111111111111111111111111111111111111111111111111111100000
10001000
10010010000
101001000100
1100101000100
10101000101000
11000101010010000
101010010001000100
1010101001001000100
10101010100100100100
10101010101001001010000
1010101010101001001010100000
1010101010101001001010101000100
10101010101010100100101010100100
10101010101010101001001010101010000
1010101010101010101001001010101010100000
1010101010101010101001001010101010101000100
10101010101010101010100100101010101010100100
10101010101010101010101001001010101010101010000
1010101010101010101010101001001010101010101010100000
1010101010101010101010101001001010101010101010101000100
10101010101010101010101010100100101010101010101010100100
101010101010101010101010101010010101010101010101010100100
1010101010101010101010101010101001010101010101010101010100
