(1010101010101010010101010101010100)
1111111111111111111111111111111111111111111111111111111111110000
100100
101010
110110
11110000000
100000100000
101000010000
110100010000
1110001000
1110010100
1110101100
11101110
11111000000
1000010000
1010001000
1101001000
11100100
11101010
11110110
1111110000000
1000100000
1010010000
1010101000
1101101000
11111000
1010000
1101000
1110100
111101100
1110100000
111101000100
1100010100000
1101000011000
111001011010000
111010111010000
111101111010000
1111100001100000
110001000010000
110001010001000
11010011000101000
11101011000101000
1111010110001010100
11011000101010100000
1110110000010101010100
1110000010101010101000000
111100100001010101010100000
1010101010100001010000010000
101010101010000101001001010000
101010101010000101010101010000
10101010101010010101010101010000
1010101010101010010101010101010100
