(1010101010101010101010010101010101010101010100)
1111111111111111111111111111111111111111111111111111111111100000
10001000
1001001000000
1001001001001000
10100100100100100
1010100100100101000000
1010100100100101001000100
10101001001001010100100100
101010100101001010100100100
1100101010100100100101010100
1010101010010010010101010100000
1010101010100100100101010101001000
10101010101001001010101010100100100
101010101010100101001010101010100100
1100101010101010100100101010101010100
1010101010101010010010101010101010100000
1010101010101010100100101010101010101001000
10101010101010101001001010101010101010100100
101010101010101010100101010101010101010100100
1010101010101010101010010101010101010101010100
