(1010101010101010101010010101010101010101010100)
1111111111111111111111111111111111111111111111111111111111110000
100100
101010
110110
11110000000
100000100000
101000010000
110100010000
1110001000
1110010100
1110101100
11101110
11111000000
1000010000
1010001000
1101001000
11100100
11101010
11110110
1111110000000
1000100000
1010010000
1010101000
1101101000
11111000
1010000
101010100
110101010
111011010
111101110
111111000000
100010000
101001000
110101000
11010110100
11101011010
11110111010
11111011110
111111100000
1001000
1010100
1101100
111010000000
11101001000010
11110101000010
110100001100000
11000011000010000000
1101001000010000110000
1110101000010000110000
1111011000010000110000
11100001000011000100000
11000100001000000100010000
1100010000100010010100010000
1101010001000010001100001000
110101000100001000110000110010
111010110000110001000010001010
111101100010000100011000011010
111110111000011000100001000110
11110000111000100001000110000
111000100001000110001000001000
111001010000100011000100001000
11110010100001000110001000010100
110001000010101000001010100001000
11000100001010101001001010100001000
11000100001010101010101010100001000
1110010100001010101010101010100001000
111100101000010101010101010101000010100
1010101010101010100001010100000101010000
101010101010101010000101010100100101010000
101010101010101010000101010101010101010000
10101010101010101010010101010101010101010000
1010101010101010101010010101010101010101010100
