(101010101010101010101010100101010101010101010101010100)
1111111111111111111111111111111111111111111111111111111111100000
10001000
100100100
1010010100
11001010100
1010101010
11010101100
1101011010
110110110
11101110
111110000000
100000100000
1001000010000
10100100010000
110010001000100
10101010001000
110100010001100
11010100100010
1101101001000
111010010010
111100100
1111010010
11111010100
11010100000
1101000010
110110000
11101000
11100
110000000
10100000
110010000
10101000
110100100
1101010010
11011010100
1110101010
11101100110
1111011010
11111011100
11110100000
111110010000
101000100000
1010010010000
10101001010000
110011001010000
11010101010000
110101100110000
11011010110000
1110110110000
111101110000
111101110100010
111101110101000110
1111011101100100110
11110111011010010110
111101110110101001110
1111011101101100101110
111101110111010101110
1111011101111011101100
111101111011101111010
1111101111011101111100
1111101110111110100000
1111101111000001000010
1111100000110000100000
1100001000010000010000
11000100100001000010000
110010010100001000010000
1101001010100001000010000
1101001010100001000010100010
11101001010100001000010100100
111010010101000010000101010010
1111010010101000010000101010100
11111001010101000010000101010100
10101010100001000010101010100000
10101010101000101000010101010100000
110010010101010101000001010101010000
1101001010101010101000001010101010000
1101001010101010101000001010101010100010
11101001010101010101000001010101010100100
111010010101010101010000010101010101010010
1111010010101010101010000010101010101010100
11111001010101010101010000010101010101010100
10101010101010101000001010101010101010100000
10101010101010101010001001010101010101010100000
101010101010101010100100101010101010101010100000
101010101010101010101001001010101010101010101001000
1010101010101010101010010010101010101010101010100100
10101010101010101010101001010101010101010101010100100
101010101010101010101010100101010101010101010101010100
