(10101010101010101010101001010101010101010101010100)
1111111111111111111111111111111111111111111111111111111111110000
100100
101010
110110
11110000000
100000100000
101000010000
110100010000
1110001000
1110010100
1110101100
11101110
11111000000
1000010000
1010001000
1101001000
11100100
11101010
11110110
1111110000000
1000100000
1010010000
1010101000
1101101000
11111000
1010000
101010100
110101010
111011010
111101110
111111000000
100010000
101001000
110101000
11010110100
11101011010
11110111010
11111011110
111111100000
1001000
1010100
1101010
1110110
111110000000
10000100000
10100010000
1100101010000
101010100010000000
10101010001010010000
11010100001010101000
11101100001010101000
1111011000010101010100
11100001010101010100000
10101010101000100000010000
1010101010100010100100010000
1101010001000010101010101000
111010100010000101010101010100
110100010000101010101010101000000
11010010001010101010101010000100010
11101010001010101010101010000100010
11110110001010101010101010000100010
111000101010101010101000010001100000
11110010101010101010101000010001100000
110001000010101010101010101010000010000
110001010000101010101010101010100001000
11100101000010101010101010101010000101000
1111001010100001010101010101010101000010100
10101010101010101010000101010100000101010000
1010101010101010101000010101010010010101010000
1010101010101010101000010101010101010101010000
101010101010101010101001010101010101010101010000
10101010101010101010101001010101010101010101010100
