(101010001010001001001010000)
1111111111111111111111111111111111111111111111111111111111110000
100100
101010
110110000
1110001000
100100100
101010100
110101010
111011010
11101100
1110100
110100
111010
111110000
1100
111100000
101000
11010100
11011010
111011000
11100100
1010100
1100110000
11010001000
110001001000
1001001001000
110011001001000
1101000100100100
11000101001001000
101001001001000100
11010010010010001100
110100011001001001000
1100100100100100011000
11001000101001001001000
101001001001001000101000
101010001010001001001010000
