(10101010101010101010101010101001010101010101010101010101010100)
1111111111111111111111111111111111111111111111111111111111100000
10001000
100100100
1010010100
11001010100
1010101010
11010101100
1101011010
110110110
11101110
111110000000
100000100000
1001000010000
10100100010000
110010001000100
10101010001000
101010100100100
1010101010010100
11001010101010100
1010101010101010
11010101010101100
1101011010101010
11011010110101100
1101101011011010
11101101011011100
11110110101101111000
1111011010111000000100
11110110101110000010010
111110110101110000010100
111010111000001010100000
1111001111000001010100000
111101000000100001010100000
1111100100000100001010100000
1010100001000001010000010000
11001000010000101010000100000
1010100001000010101000010000
1010101000101000010101000010000
11001001010101000010000101010000
110100101010101000010000101010000
110100101010101000010000101010100010
1110100101010101000010000101010100100
11101001010101010000100001010101010010
111101001010101010000100001010101010100
1111100101010101010000100001010101010100
1010101010101000010000101010101010100000
1010101010101010001010000101010101010100000
11001001010101010101010000010101010101010000
110100101010101010101010000010101010101010000
110100101010101010101010000010101010101010100010
1110100101010101010101010000010101010101010100100
11101001010101010101010100000101010101010101010010
111101001010101010101010100000101010101010101010100
1111100101010101010101010100000101010101010101010100
1010101010101010101010000010101010101010101010100000
1010101010101010101010100010010101010101010101010100000
10101010101010101010101001001010101010101010101010100000
10101010101010101010101010010010101010101010101010101001000
101010101010101010101010100100101010101010101010101010100100
1010101010101010101010101010010101010101010101010101010100100
10101010101010101010101010101001010101010101010101010101010100
