(101010101010101010101010100101010101010101010101010100)
1111111111111111111111111111111111111111111111111111111111110000
100100
101010
110110
11110000000
100000100000
101000010000
110100010000
1110001000
1110010100
1110101100
11101110
11111000000
1000010000
1010001000
1101001000
11100100
11101010
11110110
1111110000000
1000100000
1010010000
1010101000
1101101000
11111000
1010000
101010100
110101010
111011010
111101110
111111000000
100010000
101001000
110101000
11010110100
11101011010
11110111010
11111011110
111111100000
1001000
1010100
1101100
111011100
11110111100
111110100000
11000010000
110001000
1100100
101010000000
11010100000100
1110101000001100
111101010000011100
1110100000110100000
111010000011011001000
11101100000101110001100
1111011000001011100011100
11101000001110000010111000
1111001000101110001110100000
11101000101000001000010111000
11101000101000010100010111000
1111010001010000101000101110100
1111010111101000101000010100010
11110110000011000101000010100010
111000001100010100001010001100000
11110010001100010100001010001100000
110001010000101000110001010000010000
110001010000101000110001010000101000
11100101010000101000110001010000101000
1111001010100001010001100010100001010100
11000101000010101010000010101010000101000
1100010100001010101010010010101010000101000
1100010100001010101010101010101010000101000
111001010100001010101010101010101010000101000
11110010101000010101010101010101010100001010100
101010101010101010101000010101010000010101010000
10101010101010101010100001010101010010010101010000
10101010101010101010100001010101010101010101010000
1010101010101010101010100101010101010101010101010000
101010101010101010101010100101010101010101010101010100
