(101010101010101010101010100101010101010101010101010100)
1111111111111111111111111111111111111111111111111111111111110000
100100
101010
110110
111100000000000
11110010010000000
11110101010000000
11110110110000000
111111110000000
100000100000
101000010000
101000101000
110100101000
110101011000
111011011000
1111111000
101000000
110100000
111010000
111101000
111110100
11111101100
111010000000
111101000000
111110100000
111111010000
111111101000
11001000000
11010100000
11011010000
111110000
11111010010
11111101010
11111110110
1111000000
111101001000
111110101000
111111011000
1110010000000
1110101000000
111010100010010
111101010001010
111110110001010
111111011000110
1110001110000000
111010010000111000
111101010000111000
11110101000011110010
11111010111100001010
11111101100001111010
11111110111110000110
1111110000111000000
11100010000000100000
11100010000001010000
11100010110000001000
11100101000001101000
11101011000001101000
1110101100000110110010
1111010110110000011010
1111101110000011011010
1111110111011000001110
11110110000011110000000
1111000001110000000001000000
111100000111000000100101000000
111100000111000001010101000000
1111000010000000000100001010101000000
111100001000000010010100001010101000000
111100001000000101010100001010101000000
111100010100000101010100001010101000000
11111001010100000101010100001010101000000
10101010000101010100000101010100000000100000
1010101000010101010000010101010000010010100000
1010101000010101010000010101010000101010100000
101010101001001010101000010101010000010101010000
101010101010101010101000010101010000010101010000
10101010101010101010100001010101010010010101010000
10101010101010101010100001010101010101010101010000
1010101010101010101010100101010101010101010101010000
101010101010101010101010100101010101010101010101010100
