(101010101010101010101010101010100101010101010101010100)
1111111111111111111111111111111111111111111111111111111111100000
10001000
100100100
1010010100
11001010100
1010101010
11010101100
1101011010
110110110
1110111000
111100100
101010
1101100
111010
111110000
1100
11000
1010
1110000
100100
101010000
10101010100000
1010101010100100000
101010101010100100100000
101010101010100100101000100
1010101010101010010010100100
1010101010101010100100101010000
101010101010101010100100101010100000
101010101010101010100100101010101000100
1010101010101010101010010010101010100100
1010101010101010101010100100101010101010000
101010101010101010101010100100101010101010100000
101010101010101010101010100100101010101010101000100
1010101010101010101010101010010010101010101010100100
10101010101010101010101010101001010101010101010100100
101010101010101010101010101010100101010101010101010100
