(101010101010100101010101010100)
1111111111111111111111111111111111111111111111111111111111110000
100100
101010
110110
1111000000
1000010000
1010001000
1101001000
11100100
11101010
11110110
111111000000
10010000
10101000
11010010
111100
110000
1100
11000000
1110010000
101000100000
110100001000
11010011000010
11101011000010
11110111000010
11110000110000
11000100001000
11001010001000
11010110001000
1110101100010100
110110001010100000
11101100000101010100
1110000010101010100000
101010101000010000010000
10101010100001010010010000
10101010100001010101010000
1010101010100101010101010000
101010101010100101010101010100
