(1010101010101010101010010101010101010101010100)
1111111111111111111111111111111111111111111111111111111111110000
100100
101010
110110
111100000
10001000
10100100
11010100
111010
11111000000
10010000
10101000
11010010
111100
11000
1110100
1111010
111111000000
1010000
101010100
110101010
111011010
111101110
1111110000
10100
11010
1111000000
100010000
11001010000
1110011010000
11010001000010
11101000100010
110001000110000
11100101000110000
110001010100001000
11100101010100001000
101010101000010010000
11001100001010101010000
1110011100001010101010000
11101000010001010101010000
110000100010101010100010000
101010101000100010000010001000
10101010100010001010010010001000
10101010100010001010101010001000
1100101010101010001000101010101000
111001010101010100010001010101010100
1010101010101000100010101010101010000
110010101010101010100001010101010101000
11100101010101010101000010101010101010100
101010101010101010000101010101010101010000
10101010101010101010010101010101010101010000
1010101010101010101010010101010101010101010100
