(10101010101001010101010100)
1111111111111111111111111111111111111111111111111111111111111000
1010
1110000
100100
1101100
11101000
1100100
10101000
1110100
110100
1101000
11001000
101001000
11100100
1010100
111010
111110000
1100
111100000
101000
1101010
11011000
111001000
10100100
11001010000
101010001000
110001000110000
1100010010001000
10010010001001000
110110001001001000
1110001001001001000
100100100100100100
101001001001001010000
1010101010100100100100
1010101010100101000010100
10101010101001010101010100
