(10101010101010101001010101010101010100)
1111111111111111111111111111111111111111111111111111111111110000
100100
101010
110110
1111000000000
111100100100000
111101010100000
111101101100000
1111111100000
10001000
1100101000
1101011000
111010110100
111010111010
111101111010
111110111110
1111111000000
1000010000
101001010000
110101010000
11010101010010
11010101101010
11101101101010
11101101110110
1110111011100000000
111101110111000000100
111101110000001010000000
11111011100000010100000100
111100000010100000101000000
11111001000010100000101000000
101000010100000101000001000000
101000010100000101000010100000
10101001001010000101000001010000
10101010101010000101000001010000
1010101010101000010101001001010000
1010101010101000010101010101010000
101010101010101001010101010101010000
10101010101010101001010101010101010100
