(101010101010100101010101010100)
1111111111111111111111111111111111111111111111111111111111110000
100100
101010
110110
111100000000000
11110010010000000
11110101010000000
11110110110000000
111111110000000
100000100000
101000010000
101000101000
110100101000
110101011000
111011011000
1111111000
101000000
110100000
111010000
11101010010
11110101010
11111011010
11111101110
111110000000
11111100100000
101000010000000
101000101000000
110100000101000
110100001011000
111010001011000
111010010111000
111101010111000
11110101011110100
11111010111101010
11111011011111010
11111101111110110
111111101110000000
11110000001000000
1111100100001000000
1010000100000100000000
101001001000010000010000
101010101000010000010000
10101010100001010010010000
10101010100001010101010000
1010101010100101010101010000
101010101010100101010101010100
