(1010101010101010010101010101010100)
1111111111111111111111111111111111111111111111111111111111110000
100100
101010
110110
111100000
10001000
10100100
10101010
1101011000000
111010110000100
1101100001010000
1110000101000100000
10100010000100001000
10100010001010001000
1100101010001000101000
111001010100010001010100
1010101000100010101010000
110010101010100001010101000
11100101010101000010101010100
101010101010000101010101010000
10101010101010010101010101010000
1010101010101010010101010101010100
