(1010101010101010010101010101010100)
1111111111111111111111111111111111111111111111111111111111110000
100100
101010
110110
11110000000000
1111001001000000
1111010101000000
1111011011000000
11111111000000
1000010000
1010001000
1010010100
1101010100
1110110100
1110101000000000
111010100000010010
111101010000001010
111110110000001010
111111011000000110
111000000111000000
11101001000111000000
11110101000111000000
1111010101001111000000
1111010110101111000000
1111101110101111000000
1111101111011111000000
111110111110000010000000
11111100000001000010000000
10000100000010000001000000
10100000100001000000100000
10100001010000010000100000
1010010010100001010000010000
1010101010100001010000010000
101010101010000101001001010000
101010101010000101010101010000
10101010101010010101010101010000
1010101010101010010101010101010100
