(101010101010100101010101010100)
1111111111111111111111111111111111111111111111111111111111110000
100100
101010
110110
1111000000000
111100100100000
111101010100000
111101101100000
1111111100000
10001000
1100101000
1101011000
111010110100
111010111010
111101111010
111110111110
1111111000000
1000010000
1010001000
1010010100
1101010100
1101101100
11111100
1100000
110100100
110101010
111011010
111101110
11111100000000
1000001000000
1010000100000
1101000010000
11100010000
11100101000
11100110100
111011100
11110111100
11111010000000
110000001000000
11100100001000000
1010000100000100000000
101001001000010000010000
101010101000010000010000
10101010100001010010010000
10101010100001010101010000
1010101010100101010101010000
101010101010100101010101010100
