(10101010101010101010101010101001010101010101010101010101010100)
1111111111111111111111111111111111111111111111111111111111110000
100100
101010
110110
111100000000000
11110010010000000
11110101010000000
11110110110000000
111111110000000
100000100000
101000010000
101000101000
110100101000
110100110100
111010110100
111010111010
111101111010
111110111110
111111100000000
10000001000000
10100000100000
1010010010100000
101010000010101000000000000
10101000010010000001010100000
10101000101010000010101000000
11011000101010000010101000000
1110110000001010100000101010100
11100000010101000001010101010000000000
1110000100100001010101010000010101000000
1110001010100001010101010000010101000000
111010010001010100000101010101000010101000
111101010001010100000101010101000010101000
111110110001010100000101010101000010101000
11111101100010101000001010101010000101010100
111000101010000010101010100001010101010000000
11110010000010101010100001010101010000010101000
1111100101010100000101010101000010101010100000100
1010101010000101010101000001010101010000000010100000
101010101000010101010100000101010101000001001010100000
101010101000010101010100000101010101000010101010100000
10101010101001001010101010000101010101000001010101010000
10101010101010101010101010000101010101000001010101010000
1010101010101010101010101000010101010101001001010101010000
1010101010101010101010101000010101010101010101010101010000
101010101010101010101010101001010101010101010101010101010000
10101010101010101010101010101001010101010101010101010101010100
