(1010101010101010010101010101010100)
1111111111111111111111111111111111111111111111111111111111110000
100100
101010
110110
1111000000
1000010000
1010001000
1101001000
11100100
11101010
11110110
111111000000
10010000
10101000
11010010
111100
110000
1100
11000000
1110010000
101000100000
11001000101000
1110010101000100
101010100010100000
11010000010101010100
110000010101010101000000
11100100001010101010100000
1010101010100001010000010000
101010101010000101001001010000
101010101010000101010101010000
10101010101010010101010101010000
1010101010101010010101010101010100
