(1010101010010101010100)
1111111111111111111111111111111111111111111111111111111111110000
100100
101010
110110
11110000000
100000100000
101000010000
110100010000
1110001000
1110010100
1110101100
11101110
11111000000
1000010000
1010001000
1101001000
11100100
11101010
11110110
1111110000000
1000100000
1010010000
1101000100
11101000
11110100
11111010
1110000
111010010
111101010
111110110
11111110000000
100100000
101010000
110100010
1111000
10100000
1010100100
1010101010
1101101010
1110110110
1110111000000
1111000001000000
10000100000100000
10100001000010000
11010001000010000
111000100001000
11110010100001000
101010000100100000
101010000101010000
10101010010101010000
1010101010010101010100
