(10101010101001010101010100)
1111111111111111111111111111111111111111111111111111111111100000
10001000
100100100
1010010100
11001010100
1010101010
11010101100
1101011010
11101011100
111100111100
111110011111000
11111010000000100
111111001000000100
101000000101000000
1100100000101000000
101010000010100000
1100110000010100000
110101000010100000
11010000101000010
1101100001010000
111010001010000
1110100011001000
111010010101000
1110100101100100
111010011010100
11101010110100
1110101101100
111010111010
1111010111100
11111001111100
1111101000000010
11111101000000100
11000000101000000
1010000010100000
1010100010010100000
10101001001010100000
10101010010010101001000
101010100100101010100100
1010101010010101010100100
10101010101001010101010100
