(10101010101010101010101001010101010101010101010100)
1111111111111111111111111111111111111111111111111111111111110000
100100
101010
110110000000
11101100000100
1110000010100000
101000010000010000
101000100000001000010000
10100100001000101000010000
11010100001000101000010000
11101100001000101000010000
1110000100010100001000100000
101000100010000010000100010000
101000100010000101000100010000
11001010000101000100010000101000
1110010101000010001000101000010100
101010100001000100010100001010100000
10101010010010101010000101000100010000
10101010101010101010000101000100010000
1100101000010101010101010101010000101000
111001010100001010101010101010101000010100
10101010101010101010000101010100000101010000
1010101010101010101000010101010010010101010000
1010101010101010101000010101010101010101010000
101010101010101010101001010101010101010101010000
10101010101010101010101001010101010101010101010100
