(1010101010101010101010101010010101010101010101010101010100)
1111111111111111111111111111111111111111111111111111111111110000
100100
101010000000000
10101000100100000
1100101010100000100
10101010100000101000000000
1010101010000010101001000000
110010101000001010101010000100
1010101010000101000000000101010100000
101010101000010100010010000101010100000
11001010100001010101010000010101010000100
101010101000010101010000000001010000101010100000
10101010100001010101000000100101010000101010100000
10101010100001010101000001010101010000101010100000
1010101010010010101010100001010101010000010101010000
1010101010101010101010100001010101010000010101010000
101010101010101010101010000101010101001001010101010000
101010101010101010101010000101010101010101010101010000
10101010101010101010101010010101010101010101010101010000
1010101010101010101010101010010101010101010101010101010100
