(10101010101010101010101010101010101010101010100101010100)
1111111111111111111111111111111111111111111111111111111111100000
10001000
100100100
1010010100
11001010100
1010101010
11010101100
1101011010
110110110
1110111000
111100100
101010
1101100
111010
111110000
1100
11000
1010
1110000
100100
1010100
11001100
1101010
11011000
1110100
110100
11010
11110000
10100
11010000
110001000
10100100
10101010000
1010101010100000
1010101010101001000
10101010101010100100
10101010101010101010000
1010101010101010101010100000
1010101010101010101010101001000
10101010101010101010101010100100
10101010101010101010101010101010000
1010101010101010101010101010101010100000
101010101010101010101010101010101010100100000
10101010101010101010101010101010101010100100100000
10101010101010101010101010101010101010100100101000100
101010101010101010101010101010101010101010010010100100
1010101010101010101010101010101010101010101001010100100
10101010101010101010101010101010101010101010100101010100
