(101010101010100101010101010100)
1111111111111111111111111111111111111111111111111111111111100000
10001000
100100100
1010010100
11001010100
1010101010
11010101100
1101011010
110110110
11101110
11111000000
1000010000
10010001000
101001001000
1100100100100
101010100100
1101001001100
110101010010
11011010100
110110110100
11101101010
111011101100
11110111010
111101100000
11111010000
1100010000
101001000
1100101000
1110001101000
1101001000000100
11010010000010010
111010010000010100
1111001010000010100
10101000001010100000
10101010001001010100000
101010100100101010100000
101010101001001010101001000
1010101010010010101010100100
10101010101001010101010100100
101010101010100101010101010100
