(1010101010101010010101010101010100)
1111111111111111111111111111111111111111111111111111111111110000
100100
101010
110110
111100000000000
11110010010000000
11110101010000000
11110110110000000
111111110000000
100000100000
101000010000
101000101000
110100101000
110101011000
111011011000
1111111000
101000000
110100000
111010000
111101000
111110100
11111101100
111010000000
111101000000
111110100000
111111010000
111111101000
11001000000
11010100000
11011010000
111110000
11111010010
11111101010
11111110110
1111000000
111101001000
111110101000
111111011000
1110010000000
1110101000000
1110110100000
11111100000
100010000000
101001000000
110100000100
1110100000
1111010000
1111101000
1111110100
1111111010
111000000
11100100100
11101010100
11101011010
11110111010
11111011110
1111111000000000
100000010000000
101000001000000
110100000100000
1110000100000
10001000010000000000
1001000010001000010000
1010100010000100010000
1101000100010000100010
11110001000100001000
11110010100010001000
11110101100010001000
1111010110001000110010
1111101011000100011010
1111110111000100011010
1111111011100010001110
111100010001111000000
11110100110001111000000
11111010110001111000000
1111101011010011111000000
1111101011101011111000000
1111110111101011111000000
1111110111110111111000000
11111101111110000010000000
111111100000001000010000000
10000100000010000001000000
10100000100001000000100000
10100001010000010000100000
1010010010100001010000010000
1010101010100001010000010000
101010101010000101001001010000
101010101010000101010101010000
10101010101010010101010101010000
1010101010101010010101010101010100
