(101010101010101010101010100101010101010101010101010100)
1111111111111111111111111111111111111111111111111111111111110000
100100
101010
110110
1111000000
1000010000
1010001000
1101001000
11100100
11101010
11110110
111111000000
10010000
1100110000
11010000001000
1101100100001000
11100010000101000000
1010000100100000100000
1010000101000010010000
110011000010100001010000
11100111000010100001010000
1110100000100010100001010000
110000010001010000101000100000
11100100010001010000101000100000
1010001000101000010100010000100000
1010001000101000010100010001010000
110010101000010100010001010000101000
11100101010000101000100010100001010100
1010101000010100010001010000101010100000
101010101001001010101000010100010001010000
101010101010101010101000010100010001010000
11001010100001010101010101010101010000101000
1110010101000010101010101010101010100001010100
101010101010101010101000010101010000010101010000
10101010101010101010100001010101010010010101010000
10101010101010101010100001010101010101010101010000
1010101010101010101010100101010101010101010101010000
101010101010101010101010100101010101010101010101010100
