(101010101010100101010101010100)
1111111111111111111111111111111111111111111111111111111111100000
10001000
100100100
1010010100
11001010100
1010101010
11010101100
1101011010
110110110
11101110
111110000000
100000100000
1001000010000
10100100010000
110010001000100
10101010001000
110100010001100
11010100100010
1101101001000
111010010010
111100100
1111010010
11111010100
11010100000
1101000010
110110000
11101000
11100
110000000
10100000
110010000
10101000
110011000
111000111000
111100011101000
11101001000000100
111010010000010010
1111010010000010100
11111001010000010100
10101000001010100000
10101010001001010100000
101010100100101010100000
101010101001001010101001000
1010101010010010101010100100
10101010101001010101010100100
101010101010100101010101010100
