(10101010101010101010101001010101010101010101010100)
1111111111111111111111111111111111111111111111111111111111100000
10001000
100100100
1010010100
11001010100
1010101010
11010101100
1101011010
110110110
11101110
111110000000
100000100000
1001000010000
10100100010000
110010001000100
10101010001000
110100010001100
11010100100010
1101101001000
111010010010
111100100
1111010010
11111010100
11010100000
1101000010
110110000
11101000
11100
110000000
10100000
110010000
10101000
110011000
11010100
110110100
11101010
111101100
11111010
11100000
11000
1010
111000000000
111001000100000
1110100100100000
11101010010100000
110100101000010000000
110100101000010000100010
1110100101000010000100100
11101001010000100001010010
111101001010000100001010100
1111100101010000100001010100
1010101000010000101010100000
1010101010001010000101010100000
11001001010101010000010101010000
110100101010101010000010101010000
110100101010101010000010101010100010
1110100101010101010000010101010100100
11101001010101010100000101010101010010
111101001010101010100000101010101010100
1111100101010101010100000101010101010100
1010101010101010000010101010101010100000
1010101010101010100010010101010101010100000
10101010101010101001001010101010101010100000
10101010101010101010010010101010101010101001000
101010101010101010100100101010101010101010100100
1010101010101010101010010101010101010101010100100
10101010101010101010101001010101010101010101010100
