(1010101010101010101010010101010101010101010100)
1111111111111111111111111111111111111111111111111111111111100000
10001000
100100100
1010010100
11001010100
1010101010
11010101100
1101011010
11101011100
111100111100
111101000000010
1111101000000100
11000000101000000
1010000010100000
11001000010100000
1010100001010000
11001100001010000
1101010001010000
110100010100010
11011000101000
1110100101000
1110010100
1101010
11101100
1111010
1110000000
1100000
101000
1100100
11010010
111010100
1110110010
111101010
1111101100
111111010
11100000
11101000100
111010010010
1110101001010
11101100101010
1111010101010
11110110011010
1111011010110
111110110110
11111101110
1111111100000000
10001000000
100100100000
1010010000100
11001010000100
1010101010000
11010000101100
1101011010000
110110110000
110110110100010
1110110110100100
11101101101010010
111011011011001010
11101101110101010
111011011101100110
11110110111011010
111110110111011100
1110111011101000000
11110111011100000100
111101110111000010010
1111101110111000010100
11110111000010101000000
11110111010001010101000000
111101111001001010101000000
1111011110100101010101000000
11111011110000001010101010100
111110000001010101010101000000
1010101010101000001000000100000
1010101010101000001001000100100000
10101010101010000010100100100100000
101010101010100000101001010010100000
1100101010000010101010101010000010100
101010101010100000101010101010100000
101010101010101000100101010101010100000
1010101010101010010010101010101010100000
1010101010101010100100101010101010101001000
10101010101010101001001010101010101010100100
101010101010101010100101010101010101010100100
1010101010101010101010010101010101010101010100
