(101010101010101010101010100101010101010101010101010100)
1111111111111111111111111111111111111111111111111111111111110000
100100
101010
110110
1111000000000
111100100100000
111101010100000
111101101100000
1111111100000
10001000
1100101000
1101011000
111010110100
111010111010
111101111010
111110111110
1111111000000
1000010000
1010001000
1010010100
1101010100
1101101100
11111100
1100000
11000
1110100
111101100
11111011100
111101000000
11111010000100
110000101000000
11100100001010000
1010001000000001010000
101001000001010000101000
110101000001010000101000
111011000001010000101000
11110110000010100001010100
11100000101000010101010000000
1111001000001010101000010100000
111110010001010000101010100000100
1010101000010100010100000010100000
1101000001010000010101010000101000
1110100001010000010101010000101000
1111010001010000010101010000101000
111110100010100000101010100001010100
1100010100000101010100001010101000000
111001010100000101010100001010101000000
10101010000101010100000101010100000000100000
1010101000010101010000010101010000010010100000
1010101000010101010000010101010000101010100000
101010101001001010101000010101010000010101010000
101010101010101010101000010101010000010101010000
10101010101010101010100001010101010010010101010000
10101010101010101010100001010101010101010101010000
1010101010101010101010100101010101010101010101010000
101010101010101010101010100101010101010101010101010100
