(101010101010101010100101010101010101010100)
1111111111111111111111111111111111111111111111111111111111100000
10001000
100100100
1010010100
11001010100
1010101010
11010101100
1101011010
11101011100
111100111100
111101000000010
1111101000000100
11000000101000000
1010000010100000
11001000010100000
1010100001010000
11001100001010000
1101010001010000
110100010100010
11011000101000
1110100101000
11110010101000
10101010010000000
101010101001000000
101010101010000010000000000
101010101010000010001000100000
1010101010100000100100100100000
10101010101000001010010100100000
110010100000101010101010000010100
10101010101000001010101010100000
10101010101010001001010101010100000
101010101010100100101010101010100000
101010101010101001001010101010101001000
1010101010101010010010101010101010100100
10101010101010101001010101010101010100100
101010101010101010100101010101010101010100
