(10101010101010101010101010101001010101010101010101010101010100)
1111111111111111111111111111111111111111111111111111111111100000
10001000
100100100
1010010100
11001010100
1010101010
11010101100
1101011010
11101011100
111100111100
111110011111000
11111010000000100
111111001000000100
101000000101000000
1100100000101000000
101010000010100000
1100110000010100000
110101000010100000
11010000101000010
1101100001010000
111010001010000
111000101000
1110010011000
111001010100
1110011001100
111010101100
11101011010
1110110110
111101110
111111000000000
100000010000000
1001000001000000
10100100001000000
101010010001000000
1010101001001000000
1010101001001001000100
10101010100100100100100
101010101010010100100100
110100101010101010010011000
111001001010101010100101101000
1110100101010101010010011100100
11101001010101010101001011100100
111010010111010010101010101010010
1111010010101010101010010111010100
11111001010111010010101010101010100
1110101010000000101010101010101010010
11101011001000000101010101010101010010
111010110100100000101010101010101010010
1111010010101010101010101000001001011100
11111001110100100000101010101010101010100
1110100100000101010101010101010101000000010
11110100100000101010101010101010101000000100
111101001000001010101010101010101010000010010
1111101001000001010101010101010101010000010100
11111100101000001010101010101010101010000010100
10101010101010101010100000101010000001010100000
10101010101010101010100000101010010001001010100000
101010101010101010101000001010101001001001010100000
1010101010101010101010000010101010010100101010100000
11001010101010000010101010101010101010100000101010100
1010101010101010101010000010101010101010101010100000
1010101010101010101010100010010101010101010101010100000
10101010101010101010101001001010101010101010101010100000
10101010101010101010101010010010101010101010101010101001000
101010101010101010101010100100101010101010101010101010100100
1010101010101010101010101010010101010101010101010101010100100
10101010101010101010101010101001010101010101010101010101010100
