(1010101010101010101010101010100101010101010101010100)
1111111111111111111111111111111111111111111111111111111111100000
10001000
100100100
101001010000
110000101010000
1010100010001000
1010100100001001000
10101010010001001000
10101010010001010000100
101010101001000101000100
1010101010100100101000100
10101010101010010010100100
10101010101010100100101010000
1010101010101010100100101010100000
1010101010101010100100101010101000100
10101010101010101010010010101010100100
10101010101010101010100100101010101010000
1010101010101010101010100100101010101010100000
1010101010101010101010100100101010101010101000100
10101010101010101010101010010010101010101010100100
101010101010101010101010101001010101010101010100100
1010101010101010101010101010100101010101010101010100
