(10101010101001010101010100)
1111111111111111111111111111111111111111111111111111111111100000
10001000
100100100
1010010100
11001010100
1010101010
11010101100
1101011010
110110110
11101110
111110000000
100000100000
1001000010000
10100100010000
110010001000100
10101010001000
110100010001100
11010100100010
1101101001000
111010010010
111100100
1111010010
11111010100
11010100000
1101000010
110110000
11101000
11100
110000000
10100000
110010000
10101000
110011000
11010100
1101010
11101100
1111010
111000000
110000
10100
110100
1110100
11110100
111110100
110100000
11010000
11010100010
110110100100
1101101010010
11011011010100
1110110101010
11101101100110
1110111011010
111101110110
11111011110
1111111000000
100010000
1001001000
10100101000
110010101000
1100110011000
110101011000
1110011011000
111010111000
1111001111000
111101000000100
1111100100000100
1010000010100000
1010100010010100000
10101001001010100000
10101010010010101001000
101010100100101010100100
1010101010010101010100100
10101010101001010101010100
