(10101010101010101010101001010101010101010101010100)
1111111111111111111111111111111111111111111111111111111111110000
100100
101010
110110
11110000000000
1111001001000000
1111010101000000
1111011011000000
11111111000000
1000010000
1010001000
1101001000
11100100
11101010
11110110
111100000000
11110100100000
11111010100000
11111101100000
11100001000000
1110000110010000
111001100001110000
11110011100001110000
1111100111100001110000
111101000000010001110000
111110100000010001110000
111111010000010001110000
111000100000110000001000
1110001000011000001000
111010011000011000001000
111101011000011000001000
111110111000011000001000
11110000110000010010000000
11110000110000010101000000
110001000000001000001010100000
11000100000100101000001010100000
11000100001010101000001010100000
1110010100001010101000001010100000
1010101000010101000000000100001010100000
101010100001010100000010010100001010100000
101010100001010100000101010100001010100000
10101010010010101010000101010100000101010000
10101010101010101010000101010100000101010000
1010101010101010101000010101010010010101010000
1010101010101010101000010101010101010101010000
101010101010101010101001010101010101010101010000
10101010101010101010101001010101010101010101010100
