(10101010101010101001010101010101010100)
1111111111111111111111111111111111111111111111111111111111110000
100100
101010
110110
111100000
10001000
1100101000
111001010100
1010101010000
101010101010100
110101010101010
110110101101010
111011011011010
1110110110110000
11101101100010000
111011000100010000
1110001000100010000
10010001000100010000
10101000100010001000
11011000100010001000
1110110001000100010100
11100010001000101010000
101010001000100100001000
101010001000101010001000
11001010101000100010101000
1110010101010001000101010100
10101010100010001010101010000
1100101010101010000101010101000
111001010101010100001010101010100
1010101010101000010101010101010000
101010101010101001010101010101010000
10101010101010101001010101010101010100
