(101010101010101010100101010101010101010100)
1111111111111111111111111111111111111111111111111111111111110000
100100
101010
110110
1111000000000
111100100100000
111101010100000
111101101100000
1111111100000
10001000
1100101000
1101011000
111010110100
111010111010
111101111010
111110111110
1111111000000
1000010000
1010001000
1010010100
1101010100
1101101100
11111100
1100000
11000
1110100
111101100
111010000000
11110100000100
1111101000001100
11010000001100000
11101000001100000
11110100001100000
1111101000011000100
11000101000000110000
11010000011000011000
11101000011000011000
1110100111000011000010
1111010111000011000010
1111101111000011000010
11111000011000011000000
110001000000100000110000
110001000001010000110000
110100001000110000110000
1110001100001100010000
111010011100001100010000
111101011100001100010000
111110111100001100010000
1111100001100010001000000
11000100010000010000001000
11000100010000101000001000
1101001100010000101000001000
1110101100010000101000001000
1111011100010000101000001000
111110111000100001010000010100
1111000100001010000010101000000
111110010000101010000010100001000
1010100001010000001001000010100000
1010100001010000010101000010100000
101010010010101000010101000001010000
101010101010101000010101000001010000
10101010101010100001010100100101010000
10101010101010100001010101010101010000
1010101010101010100101010101010101010000
101010101010101010100101010101010101010100
