(10101010101001010101010100)
1111111111111111111111111111111111111111111111111111111111110000
100100
101010
110110
1111000000000
111100100100000
111101010100000
111101101100000
1111111100000
10001000
1100101000
1101011000
111010110100
111010111010
111101111010
111110111110
1111111000000
1000010000
1010001000
1010010100
1101010100
1101101100
11111100
1100000
11000
1110100
111101100
11111011100
111101000000
111110100000
1100001000000
1100010100000
111001010100000
10101010000100000000
1010101000010010010000
1010101000010101010000
101010101001010101010000
10101010101001010101010100
