(10101010101010101010101010101001010101010101010101010101010100)
1111111111111111111111111111111111111111111111111111111111100000
10001000
100100100
1010010100
11001010100
1010101010
11010101100
1101011010
110110110
11101110
111110000
100100
1010100
11001100
1101010
11101100
111010000
1100010000
101001000
1100100100
101010100
1101001100
110101010
11011010
11101100000
111000010000
1000100010000
10010010001000
100100100100100
10100100100101000000
10100100100101001000100
101010010010010100100100
1010100101001010100100100
11001010101001001001010100
10101010100100100101010100000
10101010100100100101010101001000
101010101010010010101010100100100
10101010101010010010010101010101000000
10101010101010010010010101010101001000100
101010101010100100100101010101010100100100
1010101010101010010100101010101010100100100
11001010101010101010010010010101010101010100
10101010101010101001001001010101010101010100000
10101010101010101010010010010101010101010101001000
101010101010101010100100101010101010101010100100100
1010101010101010101010010100101010101010101010100100
11001010101010101010101010010010101010101010101010100
10101010101010101010101001001010101010101010101010100000
10101010101010101010101010010010101010101010101010101001000
101010101010101010101010100100101010101010101010101010100100
1010101010101010101010101010010101010101010101010101010100100
10101010101010101010101010101001010101010101010101010101010100
