(10101010101010101001010101010101010100)
1111111111111111111111111111111111111111111111111111111111110000
100100
101010
110110000
1110001000
100100100
101010100
110101010
111011010
11101100
1110100
110100
111010
111110000
1100
111100000
101000
11010100
11011010
111011000
11100100
1010100
1100110000
11010001000
110001001000
1001001001000
110011001001000
1101000100100100
11000101001001000
101001001001000100
101010010010100100
101010100100101010000
10101010100100101010100000
1010101010010010101010100100
1010101010100100101010101010000
101010101010100101010101010100100
101010101010101001010101010101010000
10101010101010101001010101010101010100
