(101010101010101010100101010101010101010100)
1111111111111111111111111111111111111111111111111111111111100000
10001000
100100100
1010010100
11001010100
1010101010
11010101100
1101011010
11101011100
111100111100
111110011111000
11111010000000100
111111001000000100
101000000101000000
1100100000101000000
101010000010100000
1100110000010100000
110101000010100000
11010000101000010
1101100001010000
111010001010000
1110100011001000
111010010101000
1110100101100100
111010011010100
11101010110100
1110101101100
111011011100
11110111100
11111011111000
1111110010000000
1010000001000000
11001000001000000
1010100000100000
11001100000100000
1101010000100000
110100001000010
11011000010000
1110100010000
1110001000
1100100
11010010
111010100
1110110010
111101010
1111101100
111111010
111000000
110000
10100
110100
1110100
11110100
111110100
1111110100
1101000000
110100000
11010000
1101000
11100100
111010010
1111010100
11110110010
1111101010
11111101100
1111111010
11100000
11000
1010000000000
1010010001000000
10101001001000000
101010100101000000
1100101010101000000
101010101010000010000000000
101010101010000010001000100000
1010101010100000100100100100000
10101010101000001010010100100000
110010100000101010101010000010100
10101010101000001010101010100000
10101010101010001001010101010100000
101010101010100100101010101010100000
101010101010101001001010101010101001000
1010101010101010010010101010101010100100
10101010101010101001010101010101010100100
101010101010101010100101010101010101010100
