(10101010101010101010101001010101010101010101010100)
1111111111111111111111111111111111111111111111111111111111100000
10001000
100100100
1010010100
11001010100
1010101010
11010101100
1101011010
11101011100
111100111100
111110011111000
11111010000000100
111111001000000100
101000000101000000
1100100000101000000
101010000010100000
1100110000010100000
110101000010100000
11010000101000010
1101100001010000
111010001010000
1110100011001000
111010010101000
1110100101100100
111010011010100
11101010110100
1110101101100
111011011100
11110111100
11111011111000
1111110010000000
1010000001000000
11001000001000000
1010100000100000
11001100000100000
1101010000100000
110100001000010
11011000010000
1110100010000
1110001000
1100100
11010010
111010100
1110110010
111101010
1111101100
111111010
111000000
110000
10100
110100
1110100
11110100
111110100
1111110100
1101000000
110100000
11010000
1101000
1101101000
11101100100
111011010010
1110111010100
11101110110010
1111011101010
11110111101100
1111101111010
11111101111100
11111101000000
11000001000000
1010000100000
10100010010000
101001001010000
1010100101010000
11001100101010000
1101010101010000
11010110011010000
1101101011010000
111011011010000
11110111010000
11110111010100010
111101110110010010
1111011101101001010
11110111011010100110
1111101110110101010
11111011101101100110
1111101110111010110
111101110101110000000
111101110101110000100010
1111101110101110000100100
11111011101011100001010010
111111011101011100001010100
111101011100001010101000000
111101011101000101010101000000
1111010111100100101010101000000
11110101111010010101010101000000
111110100101010101010000001111100
1111110011111000000101010101010100
1111101000000101010101010101000000
11111100100000101010101010101000000
10101010101010100000101000000100000
10101010101010100000101000100010100000
101010101010101000001010010010010100000
1010101010101010000010101001010010100000
11001010100000101010101010101000001010100
1010101010101010000010101010101010100000
1010101010101010100010010101010101010100000
10101010101010101001001010101010101010100000
10101010101010101010010010101010101010101001000
101010101010101010100100101010101010101010100100
1010101010101010101010010101010101010101010100100
10101010101010101010101001010101010101010101010100
