(101010101010101010101010100101010101010101010101010100)
1111111111111111111111111111111111111111111111111111111111110000
100100
101010
110110
111100000000
10000001000000
10100000100000
11010000100000
11101000100000
1111010001000100
110001000101000000
11100101000101000000
101010001010000010000000
10101010010000100000101000
11010100010100000100001010
11101100001000001010001010
11110110001010000010000110
1110001010000010000111000000
111100101010000010000111000000
11100001000001010101000000100000
11100001010000010101010000010000
11100010100001010101000001010000
1111001010100001010101000001010000
101010100001010101000001010001000000
11001010100000101010100001010101000000
10101010000101010100000101010100000000100000
1010101000010101010000010101010000010010100000
1010101000010101010000010101010000101010100000
101010101001001010101000010101010000010101010000
101010101010101010101000010101010000010101010000
10101010101010101010100001010101010010010101010000
10101010101010101010100001010101010101010101010000
1010101010101010101010100101010101010101010101010000
101010101010101010101010100101010101010101010101010100
