(101010101010101010100101010101010101010100)
1111111111111111111111111111111111111111111111111111111111110000
100100
101010
110110
11110000000
100000100000
101000010000
110100010000
1110001000
1110010100
1110101100
11101110
11111000000
1000010000
1010001000
1101001000
11100100
11101010
11110110
1111110000000
1000100000
1010010000
1101010000
110101010010
110101101010
111011011010
111011011000000
11110110110000100
111011000010100000
111000010100001000000
11110010000100001010000
101000100000101000010000
10100100101000101000010000
10101010101000101000010000
11010001000010101010101000
1110100010000101010101010100
1100010000101010101010101000000
111001000010101010101010100001000
11110010100001010101010101010000100
101010101010101000010101000001010000
10101010101010100001010100100101010000
10101010101010100001010101010101010000
1010101010101010100101010101010101010000
101010101010101010100101010101010101010100
