(101010101010101010100101010101010101010100)
1111111111111111111111111111111111111111111111111111111111110000
100100
101010
110110
11110000000000
1111001001000000
1111010101000000
1111011011000000
11111111000000
1000010000
1010001000
1010010100
1101010100
1101011010
1110111010
1111011110
11111100000000
10000001000000
10100000100000
11010000100000
11101000100000
11000100001000000000
1100100100000100001000
1101010100000100001000
1101101100010000100000
11111100010000100000
10010000100001000000
10101000010000100000
10101000010100000000000010100000
1010100001010000001001000010100000
1010100001010000010101000010100000
101010010010101000010101000001010000
101010101010101000010101000001010000
10101010101010100001010100100101010000
10101010101010100001010101010101010000
1010101010101010100101010101010101010000
101010101010101010100101010101010101010100
