(1010101010101010101010010101010101010101010100)
1111111111111111111111111111111111111111111111111111111111100000
10001000
100100100
1010010100
11001010100
1010101010
11010101100
1101011010
110110110
11101110
11111000000
1000010000
10010001000
101001001000
1100100100100
101010100100
1101001001100
110101010010
11011010100
1110101010
1111010
11100000
11000
1010
11100000000
11000000
1010000
11001000
1010100
11001100
1101010
110110
11110000000
100000100000
101000100100000
1010010010100000
10101000001010100000000
10101001000100001010100000
101010100100100001010100000
1010101010010100001010100000
1010101010010101000101010100000
11010010101010100000101010100100
110100101010101000001010101010010
1110100101010101000001010101010100
11110010101010101000001010101010100
101010101010100000101010101010100000
101010101010101000100101010101010100000
1010101010101010010010101010101010100000
1010101010101010100100101010101010101001000
10101010101010101001001010101010101010100100
101010101010101010100101010101010101010100100
1010101010101010101010010101010101010101010100
