(1010101010010101010100)
1111111111111111111111111111111111111111111111111111111111100000
10001000
100100100
1010010100
11001010100
1010101010
11010101100
1101011010
11101011100
111100111100
111110011111000
11111010000000100
111111001000000100
101000000101000000
1100100000101000000
101010000010100000
1100110000010100000
110101000010100000
11010000101000010
1101100001010000
111010001010000
1110100011001000
111010010101000
1110100101100100
111010011010100
11101010110100
1110101101100
111011011100
11110111100
11111011111000
1111110010000000
1010000001000000
11001000001000000
1010100000100000
11001100000100000
1101010000100000
110100001000010
11011000010000
1110100010000
1110001000
1100100
11010010
111010100
1110110010
111101010
1111101100
111111010
111000000
110000
110100010
1110100100
11101010010
111011001010
1110110100110
111101101010
1111011100110
111110111010
1111110111100
1111101000000
11111100100000
10100001000000
101000100100000
1010010010100000
1010100100101001000
10101001001010100100
101010100101010100100
1010101010010101010100
