(101010101010101010100101010101010101010100)
1111111111111111111111111111111111111111111111111111111111110000
100100
101010
110110
111100000
10001000
10100100
11010100
111010
11111000000
10010000
10101000
11010010
111100
11000
1110100
1111010
111111000000
1010000
1101000
11100
110000
11100100
101010000
110100010
110001100000
11010010011000
11010101011000
1110101010110100
1110101110101010
1110110110111010
11101101110110000
111011100001110000
1111000011100010000
111000100010001000
1001000100010010000
101000100010010001000000
10100100010100010001001000
11010100010100010001001000
11101100010100010001001000
111000101000100010010010000
1010010000100010010010001000
1010101000100010010010001000
1010101000100010101010001000
110010101010100010001010101000
11100101010101000100010101010100
101010101010001000101010101010000
11001010101010101000010101010101000
1110010101010101010000101010101010100
10101010101010100001010101010101010000
1010101010101010100101010101010101010000
101010101010101010100101010101010101010100
