(101010101010101010100101010101010101010100)
1111111111111111111111111111111111111111111111111111111111110000
100100
101010
110110
111100000000000
11110010010000000
11110101010000000
11110110110000000
111111110000000
100000100000
101000010000
101000101000
110100101000
110101011000
111011011000
1111111000
101000000
110100000
111010000
111101000
111110100
11111101100
111010000000
111101000000
111110100000
111111010000
111111101000
11001000000
11010100000
11011010000
111110000
11111010010
11111101010
11111110110
1111000000
111101001000
111110101000
111111011000
1110010000000
1110101000000
1110110100000
11111100000
100010000000
101001000000
101010100000
110110100000
1111100000
1000100000000
100100100010000
101010100010000
110110100001000
1111100010000
111110100110000
111111010110000
111111101110000
11110001000000
1111100101000000
1010100000100000000
101010000100100100000
10101000010100000000000010100000
1010100001010000001001000010100000
1010100001010000010101000010100000
101010010010101000010101000001010000
101010101010101000010101000001010000
10101010101010100001010100100101010000
10101010101010100001010101010101010000
1010101010101010100101010101010101010000
101010101010101010100101010101010101010100
