(101010101010100101010101010100)
1111111111111111111111111111111111111111111111111111111111110000
100100
101010
110110
11110000000
100000100000
101000010000
110100010000
1110001000
1110010100
1110101100
11101110
11111000000
1000010000
1010001000
1101001000
11100100
11101010
11110110
1111110000000
1000100000
1010010000
1010101000
1101101000
11111000
1010000
1101000
1110100
111101100
1110100000
1111010000
11000100000
1110010100000
111100110100000
1101000010000010
1110100001000010
1111010001000010
1111101000100010
110001000110000
11010010110001000
11101010110001000
11101101110001000
1111011011100010100
11101110001010100000
1111011100000101010100
11110000010101010100000
101010101000010000010000
10101010100001010010010000
10101010100001010101010000
1010101010100101010101010000
101010101010100101010101010100
