(11,6,5)
1111111111111111111111111111111111111111111111111111111111100000
10001000
11000101000
1010010100
11001010100
1010101010
11010101100
1101011010
110110110
1110111000
111100100
101010
1101100
11101000
1100100
10101000
110011000
11010100
1101010
11011000
1110100
110100
1101000
11001000
101001000
110001010000
1010010001000
1010010010000100
10101001010000100
11000010101010010000
101010100100010001000
101010100100010010000100
1010101010010001001000100
1010101010010010000101000100
1010101010010010100010101000100
10101010101001001010100010100100
10101010101010010010100010101010000
10101010101010100001010101000101010000
10101010101010101000101010100010101010000
10101010101010101010001010101010001010101000
