(11,8,5)
1111111111111111111111111111111111111111111111111111111111100000
1000100000
10010010000
101001000100
1100101000100
1101000010010100
11000101010010000
101010010001000100
101010100100010010000
10101010100100010010100000
10101010100100010101001000100
101010101010010010101001000100
101010101010100100010010101010000
101010101010100100100001010101010000
101010101010100100101000101010101010000
101010101010101000010101010101000101010000
101010101010101010001010101000101010101010000
101010101010101010100010101010101010001010101000
