(11,5,3)
1111111111111111111111111111111111111111111111111111111111100000
10001000
100100100
1010010100
11001010100
1010101010
11010101100
1101011010
110110110
1110111000
111100100
101010
1101100
111010
111110000
1100
111100000
101000
110010000
1010001000
10100100100
10101001010000
11000010101010000
101010100010001000
101010100100001001000
1010101010010001001000
10101010101001001001000
10101010101001001010000100
10101010101010010000101010000
10101010101010100001010100010000
10101010101010101000101000101010000
10101010101010101010001010101000101000
