(11,8,7)
1111111111111111111111111111111111111111111111111111111111100000
10001000
11000101000
1010010100
11001010100
1010101010
11010101100
1101011010
110110110
1110111000
111100100
101010
1101100
111010
11100
1111100000
11000
1010
1110000
100100
1010100
11001100
110100010
11011000
111001000
10100100
10101010000
11010000110000
110100010001000
1100010010001000
10010010001001000
10100010010010010000
10100100100001010010000
101010010001010010010000
101010010001010100001010000
10101010010001010100001010100000
10101010010001010101000010101000100
10101010100010101010001001010101001000
101010101001001010101000101010101000100
1010101010100100101010101000101010100100
1010101010101001001010101000101010101010000
1010101010101010000101010101010001010101010000
1010101010101010100010101010101000101010101010000
1010101010101010101000101010101010100010101010101000
