(11,11,7)
1111111111111111111111111111111111111111111111111111111111100000
10001000
11000101000
1010010100
11001010100
1010101010
11010101100
1101011010
110110110
1110111000
111100100
101010
1101100
111010
11100
1111100000
11000
1010
1110000
100100
1010100
11001100
110100010
1100011000
11001000100
101000101000
110001010010000
1010010001000100
10101001001000100
10101010010001010000
1010101010010001010100000
101010101001000101010100000100
10101010100100100000101010101000100
10101010100100101000100101010101000100
101010101010010010100100101010101001000
101010101010010010101000010101010101001000
1010101010101001001010101010100100101010000
1010101010101001001010101010101000010101010000
1010101010101010010010101010101010000101010101000
1010101010101010010010101010101010100010101010101000
1010101010101010100010101010101000101010101010101010000
1010101010101010101000101010101010101010100010101010101000
