(11,8,3)
1111111111111111111111111111111111111111111111111111111111100000
10001000
11000101000
1010010100
11001010100
1010101010
11010101100
1101011010
110110110
1110111000
111100100
101010
1101100
11101000
1100100
10101000
110100100
1100101000
10101001000
11001000110000
110001010001000
1010010001001000
10100100101001000
101010010010100100
101010100100101010000
101010101000010101010000
10101010101000010101010100000
10101010101010001001010101010000
10101010101010010000101010101010000
10101010101010100001010101010100010000
10101010101010101000101000101010101010000
10101010101010101010001010101010101000101000
