(11,8,6)
1111111111111111111111111111111111111111111111111111111111100000
1000100000
10010010000
10100100010000
101010010010000
1100110010010000
11010001000100100
110001010010001000
1010010001001000100
1010100100010010010000
101010100100010010010100000
101010100100010101001001000100
1010101010010010010010101000100
10101010101001001010100100100100
10101010101010010010010010101010000
10101010101010010010100001010101010000
10101010101010010010101000101010101010000
10101010101010100001010101010100010101010000
10101010101010101000101010101000101010101010000
10101010101010101010001010101010101000101010101000
