(11,10,7)
1111111111111111111111111111111111111111111111111111111111100000
10001000
100100100
1010010100
11001010100
1010101010
11010101100
1101011010
110110110
1110111000
111100100
101010
1101100
111010
111110000
1100
111100000
101000
110010000
1010001000
11001001000
101001001000
110001001010000
110010000101010000
1010100010001010000
11001100010001010000
110100010001010001000
1100010010001010001000
10100010010010001001000
101001001001000101000100
101010010001010001001010000
1010100100101000100101010000
10101010010010100100101010000
10101010010010101000010101010000
10101010100001010101000010101010000
1010101010100001010101000010101010100000
1010101010100100010101010101000010101010000
10101010101010010010101010101000010101010000
10101010101010010010101010101010001010101010000
10101010101010100010101010100001010101010101010000
10101010101010101000101010101010001010101010101010000
10101010101010101010001010101010101010100010101010101000
