(11,6,6)
1111111111111111111111111111111111111111111111111111111111100000
1000100000
1001000010000
1010000100010000
11001000100010000
101000100010001000
101001000010010001000
1010100100010010001000
1010100100010010010000100
10101010010001001001000100
101010101001001001001000100
1010101010100100100100100100
1010101010100100101000010100100
1010101010100100101010001010100100
1010101010101001001010100010101010000
1010101010101010000101010100010101010000
1010101010101010100010101010100010101010000
1010101010101010101000101010101000101010101000
1111111111111111111111111111111111111111111111111111111110000000
100000100000
1001000010000
1010000100010000
11001000100010000
101000100010001000
101001000010010001000
1010100100010010001000
1010100100010010010000100
10101010010001001001000100
101010101001001001001000100
1010101010100100100100100100
1010101010100100101000010100100
1010101010100100101010001010100100
1010101010101001001010100010101010000
1010101010101010000101010100010101010000
1010101010101010100010101010100010101010000
1010101010101010101000101010101000101010101000
