(11,10,9)
1111111111111111111111111111111111111111111111111111111111100000
10001000
100100100
1010010100
11001010100
1010101010
11010101100
1101011010
110110110
1110111000
111100100
101010
1101100
11101000
1100100
10101000
110011000
11010100
1101010
11011000
111001000
10100100
11001010000
101010001000
110001000110000
1100010010001000
10010010001001000
101001001001000100
101001001010010010000
101010010010100001010000
101010100001010100001010000
10101010000101010100001010100000
10101010010001010101000010101010000
101010101001001010101000010101010000
10101010100100101010101000010101010100000
10101010101000010101010101000010101010100000
10101010101001000101010101010000101010101010000
101010101010100100101010101010000101010101010000
101010101010100100101010101010100010101010101010000
101010101010101000101010101010100001010101010101010000
101010101010101010001010101010101010001010101010101010000
101010101010101010100010101010101010101000101010101010101000
