(11,11,3)
1111111111111111111111111111111111111111111111111111111111100000
10001000
10010010000
101001000100
101010010010000
101010100001010000
10101010100001010100000
1010101010100000101010100000
1010101010100100010101010100000
1010101010100100010101010101000100
10101010101010010010101010101000100
10101010101010100100101010101010010000
10101010101010100100101010101010100001000
10101010101010100100101010101010101000101000
10101010101010101000101000101010101010101010000
10101010101010101010001010101010101010101000101000
