(11,9,6)
1111111111111111111111111111111111111111111111111111111110000000
100000100000
100001000010000
100010000100010000
1001001000100010000
10010010001001001000
101001001001001000100
1010100100100100100100
1010101001001001001010000
101010101001001001001010100000
101010101001001001001010101000100
101010101001001010000101010101000100
1010101010100100101010101000010100100
1010101010100100101010101010010010101000
1010101010101001001010100010101010101010000
1010101010101010000101010101010100010101010000
1010101010101010100010101010100010101010101010000
1010101010101010101000101010101010101000101010101000
