(11,10,3)
1111111111111111111111111111111111111111111111111111111111100000
10001000
100100100
1010010100
11001010100
1010101010
11010101100
1101011010
110110110
1110111000
111100100
101010
1101100
111010
11100
1111100000
11000
1010
1110000
100100
1010100
11001100
110100010
11011000
1110100
110100
11010
11110000
10100
11010000
110001000
1001001000
1010010010000
1010100001010000
101010100001010100000
101010100100010101010000
10101010100100010101010100000
10101010101000010010101010100000
10101010101001000101010101010010000
101010101010100100101010101010010000
101010101010100100101010101010100010000
101010101010101000100001010101010101010000
101010101010101010001010001010101010101010000
101010101010101010100010101010101010101000101000
