(11,9,9)
1111111111111111111111111111111111111111111111111111111111100000
10001000
100100100
1010010100
11001010100
1010101010
11010101100
1101011010
110110110
1110111000
111100100
101010
1101100
111010
11100
1111100000
11000
1010
1110000
100100
1010100
11001100
1101010
11011000
111001000
10100100
11001010000
101010001000
1100110001000
11010001001000
110001001001000
1001001001001000
1010010010010010000
1010010010100001010000
101010010010100001010100000
10101010000010101001001010100000
10101010000101010100000101010100000
10101010100010010101010000010101010000
10101010100010010101010010001010101010000
101010101001001010101010010001010101010000
1010101010100100101010101000010101010100100
1010101010100100101010101010010010101010101000
1010101010101001001010101010100010101010101010000
1010101010101010000101010101010100010101010101010000
1010101010101010100010101010101010100010101010101010000
1010101010101010101000101010101010101000101010101010101000
