(11,11,6)
1111111111111111111111111111111111111111111111111111111111100000
10001000
100100100
1010010100
11001010100
1010101010
11010101100
1101011010
110110110
1110111000
111100100
101010
1101100
111010
111110000
1100
111100000
101000
110010000
1010001000
1100010010000
10010010001000
10010010010010000
1010010010010010100000
1010100100100100101001000
10101001001010100100100100
10101010010010010010101010000
10101010100001010101001001010000
1010101010100001010010010101010100000
1010101010100100101000010101010101001000
10101010101010010010101010101001001010000
10101010101010010010101010101010000101010000
10101010101010100100101010101010100001010101000
10101010101010100100101010101010101000101010101000
10101010101010101000101010101000101010101010101010000
10101010101010101010001010101010101010101000101010101000
