(11,11,9)
1111111111111111111111111111111111111111111111111111111111100000
10001000
100100100
1010010100
11001010100
1010101010
11010101100
1101011010
110110110
1110111000
111100100
101010
1101100
111010
111110000
1100
111100000
101000
110010000
1010001000
1100010010000
101001001000
101001010010000
110000101010010000
1010100100010001000
1010101000100010010000
1010101000100100001010000
101010100010010100000101010000
101010100010010100100010101010000
1010101001001010100100010101010000
10101010010010101010010010101010000
1010101010010010101010010010101010100000
1010101010100100101010100100101010101001000
10101010101001001010101010100100101010100100
10101010101010010010101010101001001010101010000
10101010101010010010101010101010000101010101010000
10101010101010100100101010101010100001010101010101000
10101010101010100100101010101010101000101010101010101000
10101010101010101000101010101010101000101010101010101010000
10101010101010101010001010101010101010101000101010101010101000
