(1111111111011111111110)
1111111111111111111111111111111111111111111111111111111111100000
10001000
100100100
1010010100
11001010100
1010101010
11010101100
1101011010
110110110
1110111000
1111011101000
11110111100100
111101111010010
1111101111010100
11111011110110010
1111101111101010
11111101111101100
1111110111111010
1111111011111110000
1111111011111110100010
11111111011111110100100
111111110111111101010010
1111111101111111011001010
111111110111111110101010
1111111101111111101100110
111111111011111111011010
11111111101111111110110
1111111111011111111110
