(12,9,4)
1111111111111111111111111111111111111111111111111111111111100000
10001000
100100100
101001010000
110000101010000
1010100010001000
1010100100001001000
10101010010001001000
101010100100101000100
1010101010010010100100
1010101010100100101010000
1010101010101000010101010000
101010101010101000010101010100000
10101010101010100100000101010101010000
10101010101010100100100010101010101010000
10101010101010101000010101010101010001010000
10101010101010101010001010100010101010101010000
10101010101010101010100010101010101010100010101000
