(12,11,3)
1111111111111111111111111111111111111111111111111111111111100000
10001000
100100100
1010010100
11001010100
1010101010
11010101100
1101011010
110110110
1110111000
111100100
101010
1101100
111010
11100
1111100000
11000
1010
1110000
100100
101010000
1100110000
11010001000
110001001000
1001001001000
1010010001010000
110010100001010100000
10101010000101010000
1010101010000101010100000
101010101010000010101010100000
101010101010010001010101010100000
101010101010100010010101010101001000
1010101010101001001010101010101001000
1010101010101010010010101010101010010000
1010101010101010010010101010101010100010000
1010101010101010100010000101010101010101010000
1010101010101010101000101000101010101010101010000
1010101010101010101010001010101010101010101000101000
