(12,10,4)
1111111111111111111111111111111111111111111111111111111111100000
10001000
10010010000
1100100100100000
101010010010000
101010100001010000
10101010100001010100000
1010101010100000101010100000
101010101010010000010101010100000
101010101010010010001010101010100000
101010101010100010010101010101001001000
1010101010101001001010101010101001001000
1010101010101010010010001010101010101010000
1010101010101010100001010101010101010001010000
1010101010101010101000101010001010101010101010000
1010101010101010101010001010101010101010100010101000
