(12,12,7)
1111111111111111111111111111111111111111111111111111111110000000
100000100000
1001000010000
10100100010000
11000010100010000
101000100010001000
101000100100001001000
1010010010100010010000
10100100101001001010000
1010100100101001001010100000
1010101001001010010010101001000
10101010010010101010010010100100
10101010100100101001001010101010000
1010101010100100101001001010101010100000
1010101010101001001010010010101010101001000
10101010101010010010101010101010010010100100
10101010101010100100101010101010100100101010000
10101010101010100100101010101010101000010101010000
10101010101010101001001010101010101010000101010101000
10101010101010101001001010101010101010100010101010101000
10101010101010101010001010101010100010101010101010101010000
10101010101010101010100010101010101010101010100010101010101000
