(12,4,3)
1111111111111111111111111111111111111111111111111111111111100000
10001000
100100100
1010010100
11001010100
1010101010
11010101100
1101011010
110110110
1110111000
111100100
101010
1101100
11101000
1100100
10101000
110011000
11010100
1101010
11011000
1110100
110100
1101000
11001000
101001000
101010010000
11001010100100000
1010101010010000
1010101010100010000
1010101010100100001000
10101010101010010001000
10101010101010010010000100
10101010101010100100001010000
10101010101010101000010100010000
10101010101010101010001010001010000
10101010101010101010100010101000101000
