(12,9,9)
1111111111111111111111111111111111111111111111111111111110000000
100000100000
100001000010000
1001000100001000
10010010010001000
100100100100100100
101001001001001010000
101010000101001001010000
10101010000101001001010100000
1010101010000010101001001010100000
1010101010010001010101001001010100000
1010101010010001010101001001010101000100
10101010101001001010101001001010101000100
101010101010100100101010100100101010100100
101010101010100100101010101000010101010100100
101010101010100100101010101010001010101010100100
101010101010101001001010101010100010101010101010000
101010101010101010000101010101010100010101010101010000
101010101010101010100010101010101010100010101010101010000
101010101010101010101000101010101010101000101010101010101000
