(12,9,7)
1111111111111111111111111111111111111111111111111111111111100000
10001000
100100100
1010010100
11001010100
1010101010
11010101100
1101011010
110110110
1110111000
111100100
101010
110110000
11101000
1100100
10101000
110011000
11010100
1101010
11011000
1110100
110100
1101000
11001000
101001000
110001010000
1010010001000
11001010001000
11010000110001000
110001001000110000
1100010010010001000
10010010010001001000
101001001001001001000
101010001001001001010000
101010010000101001001010000
1010101001000101001001010000
101010101001000101001001010100000
101010101001000101010100100101000100
1010101010100100101001001010101000100
1010101010100100101010000101010101000100
10101010101010010010101010100001010100100
10101010101010010010101010101000101010100100
10101010101010100100101010100010101010101010000
10101010101010101000010101010101010001010101010000
10101010101010101010001010101010100010101010101010000
10101010101010101010100010101010101010100010101010101000
