(12,8,6)
1111111111111111111111111111111111111111111111111111111111100000
10001000
11000101000
1010010100
11001010100
1010101010
11010101100
1101011010
110110110
1110111000
111100100
101010
1101100
11101000
1100100
10101000
110011000
11010100
1101010
11011000
1110100
110100
11010
11110000
10100
11010000
110001000
1001001000
1010010010000
1100001010010000
10100100010001000
11000101010010001000
101010010001001000100
101010100100010010010000
10101010100100010010010100000
10101010100100010101001001000100
101010101010010010010010101000100
1010101010101001001010100100100100
1010101010101001001010101000010100100
1010101010101001001010101010001010100100
1010101010101010010010101000101010101010000
1010101010101010100001010101010100010101010000
1010101010101010101000101010101000101010101010000
1010101010101010101010001010101010101000101010101000
