(12,12,4)
1111111111111111111111111111111111111111111111111111111110000000
100000100000
1001000010000
10010001001000
101001001001000
1010010010100100
1010100100101010000
101010100100101010100000
101010101001001010101001000
1010101010010010101010100100
1010101010100100101010101010000
101010101010100100101010101010100000
10101010101010100100101010101010100100000
10101010101010100100101010101010101000010000
10101010101010101001001010101010101010000101000
10101010101010101001001010101010101010100010101000
10101010101010101010001010100010101010101010101010000
10101010101010101010100010101010101010101010100010101000
