(12,9,5)
1111111111111111111111111111111111111111111111111111111111100000
10001000
100100100
1010010100
11001010100
1010101010
11010101100
1101011010
110110110
1110111000
111100100
101010
1101100
111010
11100
1111100000
11000
1010
1110000
100100
1010100
11001100
1101010
11011000
1110100
110100
11010
11110000
10100
11010000
110001000
1001001000
1010001010000
1100010100010000
1100010100100001000
10100100010010000100
10100100010100001000100
1100101001000100001010100000
101010100100010000101010000
10101010100100010000101010100000
10101010100100010101010100001000100
101010101010010010000101010101000100
101010101010010010100010101010101000100
1010101010101001001010101010100010100100
1010101010101010010010100010101010101010000
1010101010101010100001010101010101000101010000
1010101010101010101000101010100010101010101010000
1010101010101010101010001010101010101010001010101000
