(12,6,5)
1111111111111111111111111111111111111111111111111111111111100000
10001000
100100100
1010010100
11001010100
1010101010
11010101100
1101011010
110110110
1110111000
111100100
101010
1101100
11101000
1100100
10101000
110100100
11010100
1101010
11011000
1110100
110100
1101000
11001000
11010000100
110001010000
10100101000
11000101010000
101010010001000
101010010010000100
1010101001010000100
1100001010101010010000
10101010100100010001000
101010101010010010001000
101010101010010010010000100
1010101010101001001001000100
1010101010101001001010000100100
1010101010101001001010100010100100
1010101010101010010010100010101010000
1010101010101010100001010101000101010000
1010101010101010101000101010100010101010000
1010101010101010101010001010101010001010101000
