(12,12,6)
1111111111111111111111111111111111111111111111111111111110000000
100000100000
100001000010000
1001000100001000
10010010010001000
100100100100100100
101001001001001010000
10101001001001001010100000
10101010010010010010101001000
101010100100101010100100100100
101010101001001001001010101010000
10101010101001001001001010101010100000
10101010101010000101001001010101010100000
10101010101010000101010000101010101010100000
10101010101010100010010101010101010000101010000
101010101010101001001010101010101010000101010000
101010101010101010010010101010101010100001010101000
101010101010101010010010101010101010101000101010101000
101010101010101010100010101010100010101010101010101010000
101010101010101010101000101010101010101010101000101010101000
