(12,11,8)
1111111111111111111111111111111111111111111111111111111111100000
10001000
10010010000
101001000100
1100101000100
10101000101000
11000101000110000
110001010010001000
1010010001001000100
10101001001001000100
10101001001010000100100
1010100100101010010010100000
1010100100101010010010101001000
10101010010010101001001010100100
10101010010010101010010010101010000
10101010100100101010100001010101010000
10101010101000010101010100001010101010000
1010101010101000010101010100001010101010100000
1010101010101001000101010101010100001010101010000
10101010101010100100101010101010100001010101010000
10101010101010100100101010101010101000101010101010000
10101010101010101000101010101010000101010101010101010000
10101010101010101010001010101010101000101010101010101010000
10101010101010101010100010101010101010101010001010101010101000
