(12,7,7)
1111111111111111111111111111111111111111111111111111111111100000
1000100000
110001000100000
10100100010000
1010100100010100000
101010010001010100000100
101010100100010101000010000
10101010100100010101000010100000
10101010100100010101000010101000100
101010101010010010101000010101000100
1010101010101001001010100001010100100
1010101010101001001010101000101010100100
1010101010101010010010101010001010101010000
1010101010101010100001010101010001010101010000
1010101010101010101000101010101010001010101010000
1010101010101010101010001010101010100010101010101000
