(13,9,3)
1111111111111111111111111111111111111111111111111111111111100000
1000100000
1100010001000
101001000100
101010010010000
10101010010010100000
10101010010010101000100
10101010100100010101010000
101010101010010010101010000
101010101010100001010101010000
10101010101010100001010101010100000
10101010101010101000100101010101010000
10101010101010101001000010101010101010000
10101010101010101010000101010101010100010000
10101010101010101010100010100010101010101010000
10101010101010101010101000101010101010101000101000
