(13,11,3)
1111111111111111111111111111111111111111111111111111111111100000
1000100000
1001000010000
10010001001000
101001001001000
101010001001010000
10101010001001010100000
10101010010001010101001000
101010101001001010101001000
1010101010010010101010100100
1010101010100100101010101010000
1010101010101000010101010101010000
101010101010101000010101010101010100000
101010101010101010001001010101010101010000
101010101010101010010000101010101010101010000
101010101010101010100001010101010101010100010000
101010101010101010101000101000101010101010101010000
101010101010101010101010001010101010101010101000101000
