(13,11,7)
1111111111111111111111111111111111111111111111111111111111100000
10001000
11000101000
1010010100
11001010100
1010101010
11010101100
1101011010
110110110
1110111000
111100100
101010
1101100
11101000
1100100
10101000
110100100
11010100
1101010
11011000
111001000
110100
11010
11110000
10100
11010000
110001000
1001001000
1010010010000
1010100001010000
101010100001010100000
10101010010000010101010000
10101010100001010101000010000
1010101010000101010101000010100000
1010101010010001010100001010101010000
10101010101001001010100001010101010000
1010101010101001001010100001010101010100000
1010101010101001001010100001010101010101000100
1010101010101010001010101001001010101010101001000
10101010101010100100101010101010101001001010101000
10101010101010101001001010101000101010101010101010000
10101010101010101010000101010101010101010001010101010000
10101010101010101010100010101010101000101010101010101010000
10101010101010101010101000101010101010101010100010101010101000
