(13,7,4)
1111111111111111111111111111111111111111111111111111111111100000
10001000
100100100
1010010100
11001010100
1010101010
11010101100
1101011010
110110110
1110111000
111100100
101010
1101100
11101000
1100100
10101000
110011000
11010100
1101010
11011000
1110100
110100
1101000
11001000
101001000
110001010000
1010010001000
11001010001000
101010001001000
1100110001001000
11010001001001000
110001001001001000
1001001001001001000
10100101001001000100
110010100100010010100
110010101000010010010100
110010101000010100001010100
11001010101000001010100001010100
1010101010101010100001010100000
101010101010101010010000010101010000
101010101010101010010010001010101010000
101010101010101010100001010101010001010000
101010101010101010101000101010001010101010000
101010101010101010101010001010101010100010101000
