(13,12,3)
1111111111111111111111111111111111111111111111111111111111100000
10001000
100100100
1010010100
11001010100
1010101010
11010101100
1101011010
110110110
1110111000
111100100
101010
1101100
111010
11100
1111100000
11000
1010
1110000
100100
1010100
11001100
110100010
1100011000
110010100
110100001100
1101000100010
11000110001000
110010001001000
1010001001001000
10100100101001000
1100101001001010100000
101010100100101010000
101010101000010101010000
10101010101000010101010100000
10101010101001000101010101010000
1010101010101001000101010101010100000
1010101010101010001001010101010101001000
10101010101010100100101010101010101001000
10101010101010101001001010101010101010010000
10101010101010101001001010101010101010100010000
10101010101010101010001000010101010101010101010000
10101010101010101010100010100010101010101010101010000
10101010101010101010101000101010101010101010101000101000
