(13,10,8)
1111111111111111111111111111111111111111111111111111111111100000
10001000
11000101000
1010010100
11001010100
1010101010
11010101100
1101011010
110110110
1110111000
111100100
101010
1101100
11101000
1100100
10101000
110011000
11010100
1101010
11011000
111001000
110100
1101000
11001000
101001000
110001010000
1010010001000
1010100010010000
11010001001000100
110001010001001000
1010010001001001000
10100100101001000100
10101001001010010010000
10101010000101010010010000
1010101010000101010010010100000
101010101010000010101010010010100000
101010101010010001010100100101010100000
101010101010010001010101010010010101000100
1010101010101001001010100100101010101000100
1010101010101001001010101000010101010101000100
10101010101010100100101010101010000101010100100
10101010101010100100101010101010100010101010100100
10101010101010101001001010101010001010101010101010000
10101010101010101010000101010101010101000101010101010000
10101010101010101010100010101010101010001010101010101010000
10101010101010101010101000101010101010101010001010101010101000
