(13,10,7)
1111111111111111111111111111111111111111111111111111111111100000
10001000
11000101000
1010010100
11001010100
1010101010
11010101100
1101011010
110110110
1110111000
111100100
101010
1101100
111010
11100
1111100000
11000
1010
1110000
100100
1010100
11001100
110100010
1100011000
11001000100
11010000100100
110001010010000
1010010001000100
1010010010000100100
1010010100100100010000
101010010100100100010100000
10101001010010010001010100000100
1010101000100100101001010100100100000
1010101001000101001001010100101001001000
10101010100100101001001010100101001001000
110010101010010010100100101010101000100100
10101010101010010010100100101010101000100
10101010101010010010101000010101010101000100
101010101010101001001010101010100001010100100
101010101010101001001010101010101000101010100100
101010101010101010010010101010001010101010101010000
101010101010101010100001010101010101010001010101010000
101010101010101010101000101010101010001010101010101010000
101010101010101010101010001010101010101010100010101010101000
