(13,9,9)
1111111111111111111111111111111111111111111111111111111111100000
10001000
100100100
1010010100
11001010100
1010101010
11010101100
1101011010
110110110
1110111000
111100100
101010
1101100
111010
111110000
1100
111100000
101000
110010000
1010001000
11001001000
1010100100
1100100110000
11001010001000
101010001001000
1100110001001000
11010001001001000
110001001001001000
1001001001001001000
10100100100100100100
10100100101001001010000
10101001001010000101010000
10101010000101010000101010000
1010101010000101010000101010100000
101010101010000010101010000101010100000
101010101010010001010101010000101010100000
101010101010010001010101010000101010101000100
1010101010101001001010101010000101010101000100
10101010101010100100101010101000010101010100100
10101010101010100100101010101010001010101010100100
10101010101010101001001010101010100010101010101010000
10101010101010101010000101010101010100010101010101010000
10101010101010101010100010101010101010100010101010101010000
10101010101010101010101000101010101010101000101010101010101000
