(13,13,4)
1111111111111111111111111111111111111111111111111111111111100000
10001000
100100100
1010010100
11001010100
1010101010
11010101100
1101011010
110110110
1110111000
111100100
101010
1101100
111010
111110000
1100
111100000
101000
110010000
110100001000
1100010010000
10010010001000
10100100010010000
1010100100010010100000
101010100100010010100100000
101010100100010100101001000100
1010101010010010010100101000100
10101010101001001010010100100100
110010100100101010101010010010100
110010101000010101010101010010010100
10101010101010010010101010101010000
1010101010101010010010101010101010100000
101010101010101010010010101010101010100100000
101010101010101010010010101010101010101000010000
101010101010101010100100101010101010101010000101000
101010101010101010100100101010101010101010100010101000
101010101010101010101000101010001010101010101010101010000
101010101010101010101010001010101010101010101010100010101000
