(13,10,6)
1111111111111111111111111111111111111111111111111111111111100000
1000100000
1001000010000
10100100010000
11000010100010000
101000100010001000
1100100100010001000
10100100010001001000
110010100010001001000
1010100010010010001000
1010100010010100001001000
10101001001010100010010000
10101010001001000010101010000
10101010010000101000010101010000
1010101010010000101000010101010100000
10101010101001000101000010101010100000
10101010101001000101010101010000101000100
101010101010100100101000010101010101000100
101010101010100100101010001010101010101000100
1010101010101010010010101010101010001010100100
1010101010101010100100101010001010101010101010000
1010101010101010101000010101010101010100010101010000
1010101010101010101010001010101010001010101010101010000
1010101010101010101010100010101010101010101000101010101000
1111111111111111111111111111111111111111111111111111111110000000
100000100000
1001000010000
10100100010000
11000010100010000
101000100010001000
1100100100010001000
10100100010001001000
110010100010001001000
1010100010010010001000
1010100010010100001001000
10101001001010100010010000
10101010001001000010101010000
10101010010000101000010101010000
1010101010010000101000010101010100000
10101010101001000101000010101010100000
10101010101001000101010101010000101000100
101010101010100100101000010101010101000100
101010101010100100101010001010101010101000100
1010101010101010010010101010101010001010100100
1010101010101010100100101010001010101010101010000
1010101010101010101000010101010101010100010101010000
1010101010101010101010001010101010001010101010101010000
1010101010101010101010100010101010101010101000101010101000
