(13,8,4)
1111111111111111111111111111111111111111111111111111111111100000
10001000
11000101000
1010010100
11001010100
1010101010
11010101100
1101011010
110110110
1110111000
111100100
101010
1101100
111010
11100
1111100000
11000
1010
1110000
100100
1010100
11001100
110100010
1100011000
11001000100
1010101000
1101000110000
11000110001000
110010001001000
110100001001001000
1100010010010010000
10010010010010001000
100100100100100100100
1010010100100100100100
1010100101001001001010000
1010100101001010000101010000
11001010101000010101000010100
1100101010100001010101000001010100
101010101010101010000101010100000
10101010101010101001000001010101010000
10101010101010101001001000101010101010000
10101010101010101010000101010101010001010000
10101010101010101010100010101000101010101010000
10101010101010101010101000101010101010100010101000
