(13,9,6)
1111111111111111111111111111111111111111111111111111111111100000
10001000
11000101000
1010010100
11001010100
1010101010
11010101100
1101011010
110110110
1110111000
111100100
101010
1101100
111010
111110000
1100
111100000
101000
110010000
1010001000
1100010010000
101001001000
110001001010000
1010010010001000
1100010001001010000
10100100010010001000
10100100010010010000100
101010010010010010000100
10101001010000010100100100100
1010100101001000001010100100100100
1010100101001010001001010100100100100
10101010010010100101001010100100100100
110010101001001010101001001001001010100
110010101001001010101010000101001001010100
10101010101010100100101010101000010100100
10101010101010100100101010101010001010100100
10101010101010101001001010100010101010101010000
10101010101010101010000101010101010100010101010000
10101010101010101010100010101010100010101010101010000
10101010101010101010101000101010101010101000101010101000
