(13,4,4)
1111111111111111111111111111111111111111111111111111111111100000
10001000
100100100
1010010100
11001010100
1010101010
11010101100
1101011010
110110110
1110111000
111100100
101010
1101100
111010
111110000
1100
111100000
101000
110010000
1010001000
10100100100
10101001010000
110010101010000
1010101010001000
1010101010010000100
1010101010100100010000
1010101010100100100001000
1010101010100100100010000100
10101010101010010010001000100
101010101010101001001000100100
101010101010101010010010001010000
101010101010101010100001010001010000
101010101010101010101000101010001010000
101010101010101010101010001010100010101000
