(13,9,4)
1111111111111111111111111111111111111111111111111111111111100000
10001000
100100100
1010010100
11001010100
1010101010
11010101100
1101011010
110110110
1110111000
111100100
101010
1101100
111010
11100
1111100000
11000
1110100000
110010000
1010001000
1100010010000
101001001000
110001001010000
1100101000110000
11000101010001000
101010010001001000
1010101001001001000
1010101001001010000100
101010100101000001010100100
1100101010101001001010100000
1100101010101010000101010100000
101010101010101000010101010000
10101010101010101000010101010100000
1010101010101010100100000101010101010000
1010101010101010100100100010101010101010000
1010101010101010101000010101010101010001010000
1010101010101010101010001010100010101010101010000
1010101010101010101010100010101010101010100010101000
