(13,12,4)
1111111111111111111111111111111111111111111111111111111111100000
1000100000
1001000010000
1010000100010000
10100010010010000
101001000101000100
101010010001010010000
1100100100101010000100
1100101000010101010000100
101010101000010101010000
10101010101000010101010100000
1010101010100100000101010101010000
1010101010101000010101010101000010000
101010101010101000010000101010101010100000
101010101010101001000101010101010101000010000
1010101010101010100100101010101010101000010000
1010101010101010100100101010101010101010001010000
1010101010101010101000101000010101010101010101010000
1010101010101010101010001010100010101010101010101010000
1010101010101010101010100010101010101010101010100010101000
1111111111111111111111111111111111111111111111111111111110000000
100000100000
1001000010000
1010000100010000
10100010010010000
101001000101000100
101010010001010010000
1100100100101010000100
1100101000010101010000100
101010101000010101010000
10101010101000010101010100000
1010101010100100000101010101010000
1010101010101000010101010101000010000
101010101010101000010000101010101010100000
101010101010101001000101010101010101000010000
1010101010101010100100101010101010101000010000
1010101010101010100100101010101010101010001010000
1010101010101010101000101000010101010101010101010000
1010101010101010101010001010100010101010101010101010000
1010101010101010101010100010101010101010101010100010101000
