(14,7,7)
1111111111111111111111111111111111111111111111111111111111100000
10001000
11000101000
1010010100
11001010100
1010101010
11010101100
1101011010
110110110
1110111000
111100100
101010
1101100
111010
11100
1111100000
11000
1010
1110000
100100
1010100
11001100
1101010
11011000
111001000
10100100
11001010000
101010001000
101010010000100
1010101001000100
1010101010010010000
101010101010010010100000
10101010101001001010100000100
10101010101010010010101000010000
1010101010101010010010101000010100000
1010101010101010010010101000010101000100
1010101010101010010010101010001010101000100
10101010101010101001001010101000101010100100
10101010101010101010010010101010001010101010000
10101010101010101010100001010101010001010101010000
10101010101010101010101000101010101010001010101010000
10101010101010101010101010001010101010100010101010101000
