(14,12,4)
1111111111111111111111111111111111111111111111111111111111100000
1000100000
1001000010000
10010001001000
10100010010010000
101001000101000100
1010100100101000100
10101010010010100100
10101010100100101010000
1010101010100100101010100000
1010101010100100101010101000100
10101010101010010010101010100100
10101010101010100100101010101010000
1010101010101010100100101010101010100000
101010101010101010010010101010101010100000100
101010101010101010010010101010101010101001001000
101010101010101010100100100010101010101010101010000
101010101010101010101000010101010101010101010001010000
101010101010101010101010001010100010101010101010101010000
101010101010101010101010100010101010101010101010100010101000
