(14,10,3)
1111111111111111111111111111111111111111111111111111111111100000
10001000
100100100
1010010100
11001010100
1010101010
11010101100
1101011010
110110110
1110111000
111100100
101010
1101100
111010
111110000
1100
111100000
101000
110010000
1010001000
1100010010000
10010010001000
101001001000100
101010010001010000
10101010010001010100000
10101010010001010101000100
101010101001001010101000100
1010101010100100101010100100
1010101010101001001010101010000
1010101010101010000101010101010000
101010101010101010000101010101010100000
101010101010101010100010010101010101010000
101010101010101010100100001010101010101010000
101010101010101010101000010101010101010100010000
101010101010101010101010001010001010101010101010000
101010101010101010101010100010101010101010101000101000
