(14,13,3)
1111111111111111111111111111111111111111111111111111111111100000
10001000
100100100
1010010100
11001010100
1010101010
11010101100
1101011010
110110110
1110111000
111100100
101010
1101100
111010
11100
1111100000
11000
1010
1110000
100100
1010100
11001100
110100010
1110100100
110010100
110100001100
1101000100010
11000110001000
110010001001000
1010001001001000
1010010001010010000
10101001001010010000
10101010000101010010000
1010101010000101010010100000
101010101010000101010010100100000
101010101010100010010010100101010000
101010101010100100001010010100101010000
10101010101010100100001010010100101010100000
10101010101010100100010101010100101001010000100
101010101010101010010010101010100101001010000100
1100101010101010010010101010101010101001000010100
101010101010101010100100101010101010101010010000
101010101010101010100100101010101010101010100010000
101010101010101010101000100001010101010101010101010000
101010101010101010101010001010001010101010101010101010000
101010101010101010101010100010101010101010101010101000101000
