(14,8,4)
1111111111111111111111111111111111111111111111111111111111100000
10001000
100100100
1010010100
11001010100
1010101010
11010101100
1101011010
110110110
1110111000
111100100
101010
1101100
11101000
1100100
10101000
110011000
11010100
1101010
11011000
1110100
110100
1101000
11001000
101001000
101010010000
101010100010000
101010100100001000
101010100100010000100
1010101010010010000100
1010101010100100001010000
101010101010010100000101010000
10101010101001010010000010101010000
110010101010101010000101010100000100
10101010101010101010000101010100000
1010101010101010101001000001010101010000
1010101010101010101001001000101010101010000
1010101010101010101010000101010101010001010000
1010101010101010101010100010101000101010101010000
1010101010101010101010101000101010101010100010101000
