(14,13,4)
1111111111111111111111111111111111111111111111111111111111100000
10001000
11000101000
1010010100
11001010100
1010101010
11010101100
1101011010
110110110
1110111000
111100100
101010
1101100
11101000
1100100
10101000
110011000
11010100
1101010
11011000
111001000
110100
1101000
11001000
101001000
110001010000
1010010001000
1100100010010000
10100010010001000
10100100001001001000
10100100001010010000100
1010100100001001010010100000
10101010010001001010010100000
10101010010001010100101001000100
101010101001001001010010101000100
1010101010100100101010010100100100
1010101010101001001010100101001010000
101010101010101001001010100101001010100000
1100101010100100101010101010101000001010100
110010101010010010101010101010100100000101010100
110010101010010010101010101010101000010000101010100
10101010101010101010010010101010101010101000010000
10101010101010101010010010101010101010101010001010000
10101010101010101010100010100001010101010101010101010000
10101010101010101010101000101010001010101010101010101010000
10101010101010101010101010001010101010101010101010100010101000
