(14,9,6)
1111111111111111111111111111111111111111111111111111111111100000
1000100000
1001000010000
10100100010000
11000010100010000
101000100010001000
101001000010010001000
1010100100010010001000
1010100100010010010000100
10101010010001001001000100
10101010010001010000101000100
101010101001001010000101000100
101010101010010001010000101010000
10101010101010010001010000101010100000
10101010101010010001010101010000101000100
101010101010101001001010000101010101000100
101010101010101001001010100010101010101000100
1010101010101010100100101010101010001010100100
1010101010101010101001001010100010101010101010000
1010101010101010101010000101010101010100010101010000
1010101010101010101010100010101010100010101010101010000
1010101010101010101010101000101010101010101000101010101000
1111111111111111111111111111111111111111111111111111111110000000
100000100000
110001000100000
10100100010000
11000010100010000
101000100010001000
101001000010010001000
1010100100010010001000
1010100100010010010000100
10101010010001001001000100
10101010010001010000101000100
101010101001001010000101000100
101010101010010001010000101010000
10101010101010010001010000101010100000
10101010101010010001010101010000101000100
101010101010101001001010000101010101000100
101010101010101001001010100010101010101000100
1010101010101010100100101010101010001010100100
1010101010101010101001001010100010101010101010000
1010101010101010101010000101010101010100010101010000
1010101010101010101010100010101010100010101010101010000
1010101010101010101010101000101010101010101000101010101000
