(14,7,4)
1111111111111111111111111111111111111111111111111111111110000000
100000100000
100001000010000
100010000100010000
1001001000100010000
10010010001001001000
101001001001001000100
1010010100101001000100
11001010100100010010100
11001010100100100001010100
1010101010101010010010000
1010101010101010100001010000
101010101010101010100001010100000
10101010101010101010010000010101010000
10101010101010101010010010001010101010000
10101010101010101010100001010101010001010000
10101010101010101010101000101010001010101010000
10101010101010101010101010001010101010100010101000
