(14,8,8)
1111111111111111111111111111111111111111111111111111111111100000
1000100000
10010010000
101001000100
1100101000100
1101000010010100
11000101010010000
101010010001000100
101010100100010010000
101010101000010010010000
10101010101000010010010100000
1010101010101000001010010010100000
1010101010101001000101010010010100000
1010101010101001000101010010010101000100
10101010101010100100101010010010101000100
101010101010101010010010101001001010100100
101010101010101010010010101010000101010100100
101010101010101010010010101010100010101010100100
101010101010101010100100101010101000101010101010000
101010101010101010101000010101010101000101010101010000
101010101010101010101010001010101010101000101010101010000
101010101010101010101010100010101010101010001010101010101000
