(14,4,4)
1111111111111111111111111111111111111111111111111111111111100000
1000100000
1100010001000
101001000100
1010100100100
1010101001010000
11001010101010000
101010101010001000
101010101010010000100
101010101010100100010000
101010101010100100100001000
101010101010100100100010000100
110010101010101010010010001001000
10101010101010101001001000100100
10101010101010101010010010001010000
10101010101010101010100001010001010000
10101010101010101010101000101010001010000
10101010101010101010101010001010100010101000
