(14,11,3)
1111111111111111111111111111111111111111111111111111111111100000
10001000
11000101000
1010010100
11001010100
1010101010
11010101100
1101011010
110110110
1110111000
111100100
101010
1101100
111010
11100
1111100000
11000
1010
1110000
100100
1010100
1100110000
11010001000
110001001000
1001001001000
1010010010010000
101010010010010100000
10101010010010010100100000
10101010010010010100101000100
101010101001001010010100100100
101010101010010010100101001010000
101010101010100001010100101001010000
1100101010000101010101010100001010100
110010101010000010101010101010100001010100
10101010101010101000010101010101010100000
10101010101010101010001001010101010101010000
10101010101010101010010000101010101010101010000
10101010101010101010100001010101010101010100010000
10101010101010101010101000101000101010101010101010000
10101010101010101010101010001010101010101010101000101000
