(14,12,3)
1111111111111111111111111111111111111111111111111111111111100000
1000100000
110000010100000
10100001010000
1010100001010100000
101010100000101010100000
101010101000100101010100000
1010101010010010101010100000
1010101010100001010101010100000
1010101010101000100101010101010000
10101010101010010010101010101010000
10101010101010100001010101010101010000
1010101010101010100001010101010101010100000
1010101010101010101000100101010101010101010000
1010101010101010101001000010101010101010101010000
1010101010101010101010000101010101010101010100010000
1010101010101010101010100010100010101010101010101010000
1010101010101010101010101000101010101010101010101000101000
