(14,6,3)
1111111111111111111111111111111111111111111111111111111111100000
10001000
100100100
1010010100
11001010100
1010101010
11010101100
1101011010
110110110
1110111000
111100100
101010
1101100
111010
11100
1111100000
11000
101000
110010000
1010001000
10100100100
10101001010000
110010101010000
1010101010001000
1100010101010101000
10101010101001000100
10101010101010010010000
1010101010101010010010100000
1010101010101010100100101001000
1010101010101010100100101010000100
1010101010101010101001000010101010000
1010101010101010101010000101010100010000
1010101010101010101010100010100010101010000
1010101010101010101010101000101010101000101000
