(14,11,6)
1111111111111111111111111111111111111111111111111111111111100000
10001000
11000101000
1010010100
11001010100
1010101010
11010101100
1101011010
110110110
1110111000
111100100
101010
1101100
111010
111110000
1100
111100000
101000
110010000
1010001000
1100010010000
10010010001000
10100100010010000
10101000010010010000
11000011000010010010000
110001000100010010010000
1001001000100010010001000
1001001001000100010010010000
10100100100010010010000100100
10100100100100001010010000100100
101010010100100001010010000100100
10101001010010100000101010010000100100
101010100100010010010101001010010100000
101010100100010101001010010101001001000100
1010101010010010010010101001010010101000100
10101010101001001010100101001010100100100100
110010101010010010010010101010101001001010100
110010101010010010010010101010101010000101010100
110010101010010010100001010101010101010000101010100
10101010101010101010010010100001010101010101010000
10101010101010101010010010101000101010101010101010000
10101010101010101010100001010101010101010100010101010000
10101010101010101010101000101010101000101010101010101010000
10101010101010101010101010001010101010101010101000101010101000
