(14,14,3)
1111111111111111111111111111111111111111111111111111111110000000
100000100000
110001000100000
10100100010000
1010100100010100000
1010100100010101000100
10101010010010101000100
101010101001001010100100
101010101010010010101010000
101010101010100001010101010000
10101010101010100001010101010100000
10101010101010100100010101010101010000
10101010101010101000010101010101010010000
10101010101010101000100001010101010101010000
1010101010101010101000100001010101010101010100000
1010101010101010101001000101010101010101010100001000
10101010101010101010100100101010101010101010100001000
10101010101010101010100100101010101010101010101000101000
10101010101010101010101000101000101010101010101010101010000
10101010101010101010101010001010101010101010101010101000101000
