(14,8,3)
1111111111111111111111111111111111111111111111111111111111100000
10001000
11000101000
1010010100
11001010100
1010101010
11010101100
1101011010
110110110
1110111000
111100100
101010
1101100
111010
11100
1111100000
11000
101000
110010000
1010001000
11001001000
11010000101000
110001001010000
1100101000110000
11000101010001000
11001000010010101000
101010010001010000100
1010101001000101000100
10101010100100101000100
101010101010010010100100
101010101010100100101010000
10101010101010100100101010100000
10101010101010101001001010101001000
10101010101010101001001010101010000100
10101010101010101010010000101010101010000
10101010101010101010100001010101010100010000
10101010101010101010101000101000101010101010000
10101010101010101010101010001010101010101000101000
