(15,11,3)
1111111111111111111111111111111111111111111111111111111110000000
100000100000
1001000010000
10010001001000
101001001001000
1010010010100100
1010100100101010000
1010101000010101010000
101010101000010101010100000
101010101010001001010101010000
101010101010010000101010101010000
1010101010101001000101010101010000
10101010101010100100101010101010000
10101010101010101000010101010101010000
1010101010101010101000010101010101010100000
1010101010101010101010001001010101010101010000
1010101010101010101010010000101010101010101010000
1010101010101010101010100001010101010101010100010000
1010101010101010101010101000101000101010101010101010000
1010101010101010101010101010001010101010101010101000101000
