(15,8,4)
1111111111111111111111111111111111111111111111111111111111100000
10001000
100100100
1010010100
11001010100
1010101010
11010101100
1101011010
110110110
1110111000
111100100
101010
1101100
11101000
1100100
10101000
110100100
1100101000
10101001000
10101010010000
10101010100010000
10101010100100001000
11000101010101010010000
101010101010010001000100
1010101010101001001000100
10101010101010100100100100
10101010101010101001001010000
1010101010101010101001001010100000
101010101010101010100100101010100000100
101010101010101010100100101010101000100100
101010101010101010101001001000101010101010000
101010101010101010101010000101010101010001010000
101010101010101010101010100010101000101010101010000
101010101010101010101010101000101010101010100010101000
