(15,8,8)
1111111111111111111111111111111111111111111111111111111111100000
10001000
100100100
1010010100
11001010100
1010101010
11010101100
1101011010
110110110
1110111000
111100100
101010
1101100
111010
11100
1111100000
11000
1010
1110000
100100
1010100
11001100
110100010
1100011000
11001000100
101000101000
110001010010000
10100101001000
110010101000100
110100001001010100
1100010101010010000
10101010010001000100
10101010100100010010000
10101010101000010010010000
1010101010101000010010010100000
1010101010101001000101010010010000
101010101010101001000101010010010100000
101010101010101001000101010010010101000100
1010101010101010100100101010010010101000100
10101010101010101010010010101001001010100100
10101010101010101010100100101010010010101010000
10101010101010101010100100101010100001010101010000
10101010101010101010100100101010101000101010101010000
10101010101010101010101000010101010101000101010101010000
10101010101010101010101010001010101010101000101010101010000
10101010101010101010101010100010101010101010001010101010101000
