(15,10,4)
1111111111111111111111111111111111111111111111111111111110000000
100000100000
100001000010000
100010000100010000
1001001000100010000
10010010010010010000
1010010010010010010100000
1010100100100100100101001000
10101001001010100100100100100
101010100101001001001010100100
101010100101001010000101010100100
1100101010101001001010101000010100
1100101010101010000101010101000010100
101010101010101010100001010101010000
10101010101010101010100001010101010100000
1010101010101010101010010000010101010101010000
1010101010101010101010010010001010101010101010000
1010101010101010101010100001010101010101010001010000
1010101010101010101010101000101010001010101010101010000
1010101010101010101010101010001010101010101010100010101000
