(15,8,6)
1111111111111111111111111111111111111111111111111111111111100000
1000100000
1001000010000
10010001001000
10100010010010000
1100100100001010100000
101010010000101010000
10101010010000101010100000
10101010100001000101010100000
10101010100100010101010100010000
101010101010010010101010100010000
10101010101010010010101010100010100000
10101010101010100100101010101000101001000
10101010101010100100101010101000101010000100
11001010101010101010010010101010100010101001000
1010101010101010101001001010101010001010100100
1010101010101010101010010010101000101010101010000
1010101010101010101010100001010101010100010101010000
1010101010101010101010101000101010101000101010101010000
1010101010101010101010101010001010101010101000101010101000
1111111111111111111111111111111111111111111111111111111110000000
100000100000
1001000010000
10010001001000
10100010010010000
1100100100001010100000
101010010000101010000
10101010010000101010100000
10101010100001000101010100000
10101010100100010101010100010000
101010101010010010101010100010000
10101010101010010010101010100010100000
10101010101010100100101010101000101001000
10101010101010100100101010101000101010000100
11001010101010101010010010101010100010101001000
1010101010101010101001001010101010001010100100
1010101010101010101010010010101000101010101010000
1010101010101010101010100001010101010100010101010000
1010101010101010101010101000101010101000101010101010000
1010101010101010101010101010001010101010101000101010101000
