(15,7,3)
1111111111111111111111111111111111111111111111111111111111100000
10001000
11000101000
1010010100
11001010100
1010101010
11010101100
1101011010
110110110
1110111000
111100100
101010
1101100
111010
111110000
1100
11000
1010
1110000
100100
1010100
11001100
1101010
11011000
1110100
110100
1101000
11001000
101001000
110001010000
1010010001000
1100010001010000
10100010010001000
11000100010010010000
100100100010010001000
1001001001001001001000
10100100100100100100100
101001010010100100100100
1100101010010010010010100
1100101010010010100001010100
1100101010100001010100001010100
110010101010000101010100000101010100
10101010101010101010000101010100000
10101010101010101010100010010101010000
10101010101010101010100100001010101010000
10101010101010101010101000010101010100010000
10101010101010101010101010001010001010101010000
10101010101010101010101010100010101010101000101000
