(15,13,3)
1111111111111111111111111111111111111111111111111111111111100000
10001000
100100100
1010010100
11001010100
1010101010
11010101100
1101011010
110110110
1110111000
111100100
101010
1101100
111010
111110000
1100
11000
1010
1110000
100100
1010100
11001100
1101010
11011000
1110100
110100
11010
11110000
10100
11010000
110001000
10100100
110010100
10101010
11010110000
110110001000
1110001001000
100100100100
101001001010000
10101001001010100000
10101010010010101001000
101010100100101010100100
101010101001001010101010000
10101010101001001010101010100000
10101010101010010010101010101001000
101010101010100100101010101010100100
101010101010101001001010101010101010000
10101010101010101001001010101010101010100000
10101010101010101010010010101010101010101001000
10101010101010101010010010101010101010101010010000
10101010101010101010100100001010101010101010101010000
10101010101010101010101000010101010101010101010100010000
10101010101010101010101010001010001010101010101010101010000
10101010101010101010101010100010101010101010101010101000101000
