(15,3,2)
1111111111111111111111111111111111111111111111111111111111100000
10001000
11000101000
1010010100
11001010100
1010101010
11010101100
1101011010
110110110
1110111000
111100100
101010
1101100
11101000
1100100
10101000
110011000
11010100
1101010
11011000
111001000
110100
1101000
11001000
101001000
101010010000
10101010010100000
110010101010100000
10101010101010000
1010101010101010100000
101010101010101010100100000
11001010101010101010101000100000
1010101010101010101010100010000
1010101010101010101010100100001000
1010101010101010101010101000100010000
1010101010101010101010101010001010001000
