(15,5,3)
1111111111111111111111111111111111111111111111111111111111100000
10001000
100100100
1010010100
11001010100
1010101010
11010101100
1101011010
110110110
1110111000
111100100
101010
1101100
111010
111110000
1100
111100000
101000
110010000
1010001000
11001001000
1010100100
1010101010000
101010101010100000
10101010101010100100000
10101010101010101000010000
1010101010101010101000010100000
1010101010101010101010001001010000
1010101010101010101010010000101010000
1010101010101010101010100001010100010000
1010101010101010101010101000101000101010000
1010101010101010101010101010001010101000101000
