(15,6,4)
1111111111111111111111111111111111111111111111111111111111100000
10001000
11000101000
1010010100
11001010100
1010101010
11010101100
1101011010
110110110
1110111000
111100100
101010
1101100
111010
111110000
1100
111100000
101000
110010000
10101000
110100100
1100101000
10101001000
101010100100
101010101010000
10101010101010100000
1010101010101010100100000
1010101010101010101000010000
101010101010101010101000010100000
10101010101010101010100100000101010000
10101010101010101010100100100010101010000
10101010101010101010101000010101010001010000
10101010101010101010101010001010100010101010000
10101010101010101010101010100010101010100010101000
