(15,12,3)
1111111111111111111111111111111111111111111111111111111111100000
10001000
11000101000
1010010100
11001010100
1010101010
11010101100
1101011010
110110110
1110111000
111100100
101010
1101100
111010
11100
1111100000
11000
101000
110010000
10101000
110100100
1100101000
10101001000
11001000110000
110001010001000
1010010001001000
10100100101001000
10101001000101010000
1010101001000101010100000
1010101010000100101010100000
1010101010010001010101010010000
10101010101001001010101010010000
1010101010101001001010101010010100000
101010101010101001001010101010010100100000
1100101010101010010010101010101010100000100
101010101010101010010010101010101010100000
101010101010101010100001010101010101010100000
101010101010101010101000100101010101010101010000
101010101010101010101001000010101010101010101010000
101010101010101010101010000101010101010101010100010000
101010101010101010101010100010100010101010101010101010000
101010101010101010101010101000101010101010101010101000101000
