(15,11,4)
1111111111111111111111111111111111111111111111111111111111100000
1000100000
10010010000
101001000100
1100101000100
10101000101000
11000101010010000
101010010001000100
1010101001001000100
1010101010010001010000
101010101010010001010100000
101010101010010001010101000100
1010101010101001001010101000100
10101010101010100100101010100100
10101010101010101001001010101010000
10101010101010101010000101010101010000
1010101010101010101010000101010101010100000
101010101010101010101001000001010101010101010000
101010101010101010101001001000101010101010101010000
101010101010101010101010000101010101010101010001010000
101010101010101010101010100010101000101010101010101010000
101010101010101010101010101000101010101010101010100010101000
