(16,9,4)
1111111111111111111111111111111111111111111111111111111111100000
10001000
100100100
1010010100
11001010100
1010101010
11010101100
1101011010
110110110
1110111000
111100100
101010
1101100
111010
111110000
1100
11000
1010
1110000
100100
1010100
11001100
1101010
11011000
111001000
10100100
10101010000
1010101010100000
101010101010100100000
101010101010101000010000
10101010101010101000010100000
10101010101010101001000101010000
101010101010101010100100101010000
101010101010101010101000010101010000
10101010101010101010101000010101010100000
1010101010101010101010100100000101010101010000
1010101010101010101010100100100010101010101010000
1010101010101010101010101000010101010101010001010000
1010101010101010101010101010001010100010101010101010000
1010101010101010101010101010100010101010101010100010101000
