(16,11,3)
1111111111111111111111111111111111111111111111111111111111100000
1000100000
1100010100000
101001010000
110000101010000
1010100010001000
10101001001001000
10101001001010000100
101010100100101000100
1010101010010010100100
1010101010100100101010000
101010101010100100101010100000
101010101010100100101010101000100
1010101010101010010010101010100100
1010101010101010100100101010101010000
101010101010101010100100101010101010100000
101010101010101010101001001010101010101001000
101010101010101010101001001010101010101010000100
101010101010101010101010010000101010101010101010000
101010101010101010101010100001010101010101010100010000
101010101010101010101010101000101000101010101010101010000
101010101010101010101010101010001010101010101010101000101000
