(16,10,4)
1111111111111111111111111111111111111111111111111111111111100000
10001000
100100100
1010010100
11001010100
1010101010
11010101100
1101011010
110110110
1110111000
111100100
101010
1101100
111010
11100
1111100000
11000
1010
1110000
100100
1010100
11001100
110100010
11011000
111001000
10100100
11001010000
101010001000
101010010000100
1010101001000100
1010101010010010000
1010101010100001010000
101010101010100001010100000
101010101010101000100101010000
101010101010101001000010101010000
10101010101010100101000001010101010000
110010101010101010101000010101010100000
11001010101010101010100001010101010100000100
1010101010101010101010100001010101010100000
101010101010101010101010010000010101010101010000
101010101010101010101010010010001010101010101010000
101010101010101010101010100001010101010101010001010000
101010101010101010101010101000101010001010101010101010000
101010101010101010101010101010001010101010101010100010101000
