(16,4,4)
1111111111111111111111111111111111111111111111111111111111100000
10001000
11000101000
1010010100
11001010100
1010101010
11010101100
1101011010
110110110
1110111000
111100100
101010
1101100
111010
11100
1111100000
11000
1010
1110000
100100
1010100
11001100
1101010
11011000
1110100
110100
11010
11110000
10100
11010000
110001000
10100100
11001010000
101010001000
101010010000100
1010101001000100
10101010100100100
10101010101001010000
110010101010101010000
1010101010101010001000
1010101010101010010000100
1010101010101010100100010000
1010101010101010100100100001000
1010101010101010100100100010000100
10101010101010101010010010001000100
101010101010101010101001001000100100
101010101010101010101010010010001010000
101010101010101010101010100001010001010000
101010101010101010101010101000101010001010000
101010101010101010101010101010001010100010101000
