(16,6,3)
1111111111111111111111111111111111111111111111111111111111100000
10001000
11000101000
1010010100
11001010100
1010101010
11010101100
1101011010
110110110
1110111000
111100100
101010
1101100
11101000
1100100
10101000
110011000
11010100
1101010
11011000
111001000
110100
11010
11110000
10100
11010000
110001000
1001001000
1010010010000
1100001010010000
10100100010001000
101010010010001000
1100110010010001000
11010001001000100100
110001010010001001000
1010010001001001000100
10101001001001001000100
10101001001001010000100100
101010010100101010010010000
1100101010100001001001010100
1100101010100001010000101010100
110010101010100000101010000101010100
10101010101010101010100001010100000
10101010101010101010101000100101010000
10101010101010101010101001000010101010000
10101010101010101010101010000101010100010000
10101010101010101010101010100010100010101010000
10101010101010101010101010101000101010101000101000
