(16,9,6)
1111111111111111111111111111111111111111111111111111111110000000
100000100000
100001000010000
100010000100010000
100100001000100010000
100100010000100100010000
1001001001000100100010000
1001001001000100100100001000
10010010010010010001001001000
101001001001001001001001000100
1010100100100100100100100100100
1010100100100101000010100100100100
101010010010010101001001001001010100000
101010100100100100101010010010010101001000
1010101001001010101001001001010100100100100
10101010010100101010100100101010100100100100
110010101010100100100100101010100100101010100
110010101010100100100100101010101000010101010100
110010101010100100101000010101010101000010101010100
10101010101010101010101001001010000101010101010000
10101010101010101010101001001010100010101010101010000
10101010101010101010101010000101010101010100010101010000
10101010101010101010101010100010101010100010101010101010000
10101010101010101010101010101000101010101010101000101010101000
