(16,3,2)
1111111111111111111111111111111111111111111111111111111111100000
10001000
100100100
1010010100
11001010100
1010101010
11010101100
1101011010
110110110
1110111000
111100100
101010
1101100
111010
111110000
1100
111100000
101000
110010000
1010001000
1100010010000
10010010001000
11001001000101000
1010100101000100
1010101001010010000
101010101001010010100000
101010101010010100101001000
101010101010010100101010000100
1100101010101010100100001010100
101010101010101010101010010000
101010101010101010101010100010000
101010101010101010101010100100001000
101010101010101010101010101000100010000
101010101010101010101010101010001010001000
