(16,12,3)
1111111111111111111111111111111111111111111111111111111111100000
10001000
10010010000
1100100100100000
101010010010000
101010100001010000
10101010100001010100000
1010101010100000101010100000
1010101010100100010101010100000
1010101010100100010101010101000100
10101010101010010010101010101000100
101010101010101001001010101010100100
101010101010101010010010101010101010000
101010101010101010100001010101010101010000
10101010101010101010100001010101010101010100000
10101010101010101010101000100101010101010101010000
10101010101010101010101001000010101010101010101010000
10101010101010101010101010000101010101010101010100010000
10101010101010101010101010100010100010101010101010101010000
10101010101010101010101010101000101010101010101010101000101000
