(16,9,3)
1111111111111111111111111111111111111111111111111111111110000000
100000100000
1001000010000
1001000100001000
10010010010001000
101001010010001000
1100101010010001000
101010101001000100
101010101010010010000
10101010101010010010100000
10101010101010010010101000100
1100101010101010100100101010100000
101010101010101010010010101010000
101010101010101010100001010101010000
10101010101010101010100001010101010100000
10101010101010101010101000100101010101010000
10101010101010101010101001000010101010101010000
10101010101010101010101010000101010101010100010000
10101010101010101010101010100010100010101010101010000
10101010101010101010101010101000101010101010101000101000
