(17,6,6)
1111111111111111111111111111111111111111111111111111111111100000
10001000
100100100
1010010100
11001010100
1010101010
11010101100
1101011010
110110110
1110111000
111100100
101010
110110000
11101000
1100100
10101000
110011000
11010100
1101010
11011000
1110100
110100
1101000
11001000
101001000
101010010000
101010100010000
101010100100001000
101010101000100010000
1010101010001001001000
1010101010010000101001000
1010101010010000101010000100
1010101010100100001010100010000
10101010101010010001010100010000
101010101010101001001010100010000
10101010101010101001001010100010100000
10101010101010101010010010101000101001000
10101010101010101010010010101000101010000100
11001010101010101010101001001010100010101001000
1010101010101010101010100100101010001010100100
1010101010101010101010101001001010100010101010000
1010101010101010101010101010000101010100010101010000
1010101010101010101010101010100010101010100010101010000
1010101010101010101010101010101000101010101000101010101000
