(17,9,4)
1111111111111111111111111111111111111111111111111111111111100000
10001000
100100100
1010010100
11001010100
1010101010
11010101100
1101011010
110110110
1110111000
111100100
101010
1101100
11101000
1100100
10101000
110011000
11010100
1101010
11011000
1110100
110100
1101000
11001000
101001000
11001010100000
1100101010100000100
110010101010010000010100
11001010101001001000001010100
11001010101001001001000101010100
110010101010010010100100101010100
110010101010100001010100100101010100
110010101010100001010101000010101010100
10101010101010101010101000010101010000
1010101010101010101010101000010101010100000
101010101010101010101010100100000101010101010000
101010101010101010101010100100100010101010101010000
101010101010101010101010101000010101010101010001010000
101010101010101010101010101010001010100010101010101010000
101010101010101010101010101010100010101010101010100010101000
