(17,7,6)
1111111111111111111111111111111111111111111111111111111111100000
10001000
11000101000
1010010100
11001010100
1010101010
11010101100
1101011010
110110110
1110111000
111100100
101010
1101100
111010
11100
1111100000
11000
1010
1110000
100100
1010100
11001100
1101010
11011000
111001000
10100100
110010100
110100001100
1101000100010
11000110001000
110010001001000
1010001001001000
1100010010010010000
10010010010010001000
101001010010001000100
101001010010010000100100
101001010010100100100010000
1100101010000100010010010100
1100101010000101000100001010100
101010101010101000010100010000
10101010101010101000010100010100000
1010101010101010101000001010100010100000
1010101010101010101001000101010001010100000
1010101010101010101001000101010100010101000100
10101010101010101010100100101010001010101000100
101010101010101010101010010010101010001010100100
101010101010101010101010100100101010001010101010000
101010101010101010101010101000010101010100010101010000
101010101010101010101010101010001010101010001010101010000
101010101010101010101010101010100010101010101000101010101000
