(17,10,3)
1111111111111111111111111111111111111111111111111111111111100000
10001000
100100100
1010010100
11001010100
1010101010
11010101100
1101011010
110110110
1110111000
111100100
101010
1101100
11101000
1100100
10101000
110011000
11010100
1101010
11011000
111001000
110100
1101000
11001000
101001000
110001010000
1010010001000
11001010001000
11010000110001000
110001001000110000
1100010010010001000
10010010010001001000
10100010010010010010000
101001001010010010010000
1010100101001000010100100
101010010100101000001010100100
101010010100101010010010101001000
1010101001001010100101001010100100
11001010101001001010101001001010100
11001010101001001010101010000101010100
11001010101010000101010101010000101010100
1010101010101010101010000101010101010000
101010101010101010101010000101010101010100000
101010101010101010101010100010010101010101010000
101010101010101010101010100100001010101010101010000
101010101010101010101010101000010101010101010100010000
101010101010101010101010101010001010001010101010101010000
101010101010101010101010101010100010101010101010101000101000
