(17,8,4)
1111111111111111111111111111111111111111111111111111111111100000
1000100000
10010010000
10100100010000
11000010100010000
11000011000010010000
110001000100010010000
1001000100010010001000
1001001000100010010010000
10100100010010010001000100
101001001000100101001000100
1010100100100100101001000100
10101010010010010100100100100
101010101001010010100100100100
101010101001010010101000010100100
1100101010101010010010100001010100
1100101010101010100001010100001010100
110010101010101010000101010100000101010100
10101010101010101010101010000101010100000
1010101010101010101010101001000001010101010000
1010101010101010101010101001001000101010101010000
1010101010101010101010101010000101010101010001010000
1010101010101010101010101010100010101000101010101010000
1010101010101010101010101010101000101010101010100010101000
1111111111111111111111111111111111111111111111111111111110000000
100000100000
1001000010000
10100100010000
11000010100010000
11000011000010010000
110001000100010010000
1001000100010010001000
1001001000100010010010000
10100100010010010001000100
101001001000100101001000100
1010100100100100101001000100
10101010010010010100100100100
101010101001010010100100100100
101010101001010010101000010100100
1100101010101010010010100001010100
1100101010101010100001010100001010100
110010101010101010000101010100000101010100
10101010101010101010101010000101010100000
1010101010101010101010101001000001010101010000
1010101010101010101010101001001000101010101010000
1010101010101010101010101010000101010101010001010000
1010101010101010101010101010100010101000101010101010000
1010101010101010101010101010101000101010101010100010101000
