(17,7,4)
1111111111111111111111111111111111111111111111111111111111100000
1000100000
10010010000
101001010000
110010100010000
10101010001000
10101010010000100
101010101001000100
1010101010100100100
1010101010101001010000
11001010101010101010000
101010101010101010001000
101010101010101010010000100
11001010101010101010100100100000
1010101010101010101010010010000
1010101010101010101010100001010000
101010101010101010101010100001010100000
10101010101010101010101010010000010101010000
10101010101010101010101010010010001010101010000
10101010101010101010101010100001010101010001010000
10101010101010101010101010101000101010001010101010000
10101010101010101010101010101010001010101010100010101000
