(18,7,3)
1111111111111111111111111111111111111111111111111111111111100000
10001000
11000101000
1010010100
11001010100
1010101010
11010101100
1101011010
110110110
1110111000
111100100
101010
1101100
111010
11100
1111100000
11000
101000
110010000
1010001000
11001001000
101001001000
1010100101000
1100101010010000
101010101001000
101010101010010000
101010101010100010000
101010101010100100001000
110001010101010101010010000
1010101010101010010001000100
10101010101010101001001000100
101010101010101010100100100100
101010101010101010101001001010000
101010101010101010101010000101010000
10101010101010101010101010000101010100000
10101010101010101010101010100010010101010000
10101010101010101010101010100100001010101010000
10101010101010101010101010101000010101010100010000
10101010101010101010101010101010001010001010101010000
10101010101010101010101010101010100010101010101000101000
