(18,9,3)
1111111111111111111111111111111111111111111111111111111110000000
100000100000
11000001000100000
100010000100010000
100100001000100010000
1001001000100100001000
10100100100100001000100
1010010010010100100010100000
1010100010010100100100101001000
10101001001010100100100101001000
101010010010101001001010100100100
1010101001010010101001001010100100
11001010101001001010100100101010100
11001010101010000101010100100101010100
11001010101010000101010101000010101010100
1100101010101010000010101010101000010101010100
101010101010101010101010100001010101010100000
101010101010101010101010101000100101010101010000
101010101010101010101010101001000010101010101010000
101010101010101010101010101010000101010101010100010000
101010101010101010101010101010100010100010101010101010000
101010101010101010101010101010101000101010101010101000101000
