(18,9,4)
1111111111111111111111111111111111111111111111111111111111100000
10001000
11000101000
1010010100
11001010100
1010101010
11010101100
1101011010
110110110
1110111000
111100100
101010
1101100
11101000
1100100
10101000
110011000
11010100
1101010
11011000
111001000
10100100
10101010000
1010101010100000
101010101010100100000
10101010101010100100100000
10101010101010101001001001000
10101010101010101001001010000100
11001010101010101010100100101001000
1010101010101010101010010010100100
1010101010101010101010100100101010000
101010101010101010101010100100101010100000
10101010101010101010101010010010101010100000100
10101010101010101010101010010010101010101000100100
10101010101010101010101010100100100010101010101010000
10101010101010101010101010101000010101010101010001010000
10101010101010101010101010101010001010100010101010101010000
10101010101010101010101010101010100010101010101010100010101000
