(19,5,5)
1111111111111111111111111111111111111111111111111111111111100000
10001000
11000101000
1010010100
11001010100
1010101010
11010101100
1101011010
110110110
1110111000
111100100
101010
1101100
11101000
1100100
10101000
110100100
1100101000
10101001000
10101010010000
11001010101001000
1010101010100100
1010101010101010000
101010101010101010100000
101010101010101010101001000
101010101010101010101010010000
101010101010101010101010100010000
101010101010101010101010100100001000
110001010101010101010101010101010010000
1010101010101010101010101010010001000100
1010101010101010101010101010010010000100100
1010101010101010101010101010010010100010100100
1010101010101010101010101010100100101000101010000
1010101010101010101010101010101000010101000101010000
1010101010101010101010101010101010001010101000101010000
1010101010101010101010101010101010100010101010001010101000
