(19,9,3)
1111111111111111111111111111111111111111111111111111111111100000
10001000
100100100
1010010100
1100101010000
10101010001000
101010100100100
101010101001010000
1100101010101010000
10101010101010001000
10101010101010010000100
101010101010101001000100
101010101010101010010010000
10101010101010101010010010100000
10101010101010101010010010101000100
101010101010101010101001001010100100
101010101010101010101010010010101010000
101010101010101010101010100001010101010000
10101010101010101010101010100001010101010100000
10101010101010101010101010101000100101010101010000
10101010101010101010101010101001000010101010101010000
10101010101010101010101010101010000101010101010100010000
10101010101010101010101010101010100010100010101010101010000
10101010101010101010101010101010101000101010101010101000101000
