(19,3,2)
1111111111111111111111111111111111111111111111111111111111100000
10001000
11000101000
1010010100
11001010100
1010101010
11010101100
1101011010
110110110
1110111000
111100100
101010
1101100
111010
11100
1111100000
11000
1010
1110000
100100
1010100
11001100
1101010
11011000
111001000
10100100
11001010000
101010001000
1100110001000
11010001001000
110001001001000
1001001001001000
10100101001001000
110010101000100100
110010101001000010100
11001010100101000001010100
1100101010100000100101001010100
1100101010100100010100101001010100
101010101010101010010100101000100
1100101010101010101010100100010100
1100101010101010101010101000010010100
1100101010101010101010101000100001010100
101010101010101010101010101010100010000
101010101010101010101010101010100100001000
101010101010101010101010101010101000100010000
101010101010101010101010101010101010001010001000
