(19,8,4)
1111111111111111111111111111111111111111111111111111111111100000
10001000
11000101000
1010010100
11001010100
1010101010
11010101100
1101011010
110110110
1110111000
111100100
101010
1101100
111010
11100
1111100000
11000
1010
1110000
100100
1010100
11001100
1101010
11011000
111001000
10100100
10101010000
1010101010100000
101010101010100100000
1010101010101010010000
1010101010101010100010000
1010101010101010100100001000
1010101010101010100100010000100
101010101010101010010100000101000100
1100101010101010101010100100010100000
101010101010101010101010010001010000
11001010101010101010101010100001010100000
1010101010101010101010101010000101010000
101010101010101010101010101010000101010100000
10101010101010101010101010101001000001010101010000
10101010101010101010101010101001001000101010101010000
10101010101010101010101010101010000101010101010001010000
10101010101010101010101010101010100010101000101010101010000
10101010101010101010101010101010101000101010101010100010101000
