(20,6,3)
1111111111111111111111111111111111111111111111111111111111100000
1000100000
10010010000
101001000100
1010100100100
1010101001010000
11001010101010000
101010101010001000
110001010101010101000
1010101010101001000100
10101010101010100100100
10101010101010101001010000
11001010101010101010100010000
1010101010101010101010001000
1010101010101010101010010000100
110010101010101010101010100100100000
10101010101010101010101010010010000
10101010101010101010101010100001010000
1010101010101010101010101010100001010100000
1010101010101010101010101010101000100101010000
1010101010101010101010101010101001000010101010000
1010101010101010101010101010101010000101010100010000
1010101010101010101010101010101010100010100010101010000
1010101010101010101010101010101010101000101010101000101000
