(20,5,5)
1111111111111111111111111111111111111111111111111111111111100000
10001000
100100100
1010010100
11001010100
1010101010
11010101100
1101011010
110110110
1110111000
111100100
101010
1101100
111010
11100
1111100000
11000
1010
1110000
100100
1010100
11001100
110100010
11011000
111001000
10100100
11001010000
101010001000
1100110001000
11010001001000
110001001001000
1001001001001000
10100100100100100
101010010100100100
101010100101001010000
10101010100101001010100000
10101010100101001010101000100
10101010101001010010101010010000
10101010101001010010101010100001000
10101010101001010010101010100010000100
110010101010101010010000100010101010100
10101010101010101010101010100100001000
11000101010101010101010101010101010010000
101010101010101010101010101010010001000100
101010101010101010101010101010010010000100100
101010101010101010101010101010010010100010100100
101010101010101010101010101010100100101000101010000
101010101010101010101010101010101000010101000101010000
101010101010101010101010101010101010001010101000101010000
101010101010101010101010101010101010100010101010001010101000
