(21,5,3)
1111111111111111111111111111111111111111111111111111111111100000
1000100000
1100010001000
101001000100
1100101000100
1101000011000100
11000101000110000
110001010010001000
1010010001001000100
10100100100101001000
101010010010100100100
1010101001010010100100
11001010101010010010100
1010101010101010100100
1010101010101010101010000
101010101010101010101010100000
10101010101010101010101010100100000
10101010101010101010101010101000010000
1010101010101010101010101010101000010100000
1010101010101010101010101010101010001001010000
1010101010101010101010101010101010010000101010000
1010101010101010101010101010101010100001010100010000
1010101010101010101010101010101010101000101000101010000
1010101010101010101010101010101010101010001010101000101000
