(23,5,3)
1111111111111111111111111111111111111111111111111111111111100000
10001000
100100100
1010010100
11001010100
1010101010
11010101100
1101011010
110110110
1110111000
111100100
101010
1101100
11101000
1100100
10101000
110011000
11010100
1101010
11011000
1110100
110100
1101000
11001000
101001000
110001010000
1010010001000
110001010010100000
10100101001010000
1010100101001010100000
1010101001010010101001000
10101010010100101010100100
110010101010100100101010100
10101010101010101010100100
10101010101010101010101010000
1010101010101010101010101010100000
101010101010101010101010101010100100000
101010101010101010101010101010101000010000
10101010101010101010101010101010101000010100000
10101010101010101010101010101010101010001001010000
10101010101010101010101010101010101010010000101010000
10101010101010101010101010101010101010100001010100010000
10101010101010101010101010101010101010101000101000101010000
10101010101010101010101010101010101010101010001010101000101000
