(5,5,4)
1111111111111111111111111111111111111111111111111111111111110000
100100
101010
110110000
1110001000
100100100
101010100
110101010
111011010
11101100
1110100
110100
1101000
11100
1111100000
11000
101000
110010000
1010001000
110010101000
1010101001000
1101101001000
11100011001000
1100100100100
1100101000010100
1101000011000010100
11010001000100010100
110001010100010001000
11001010001010100011000
110010001010100010101000
1010100100010100010101000
110010101000101010001010100
1010101000101010100010101000
