(5,5,5)
1111111111111111111111111111111111111111111111111111111111110000
100100000
101010000
110100010000
1100010001000
110001100010100000
11010001100011000100
110001100011000101000
1100100010011000101000
11001000101000100101000
1100101010001001100010100
11001000101010100010101000
101010100010101001000101000
11001010100010101010001010100
101010100010101010001010101000
1111111111111111111111111111111111111111111111111111111110000000
100000100000
11001000100000
110100010000
1100010001000
110001100010100000
11010001100011000100
110001100011000101000
1100100010011000101000
11001000101000100101000
1100101010001001100010100
11001000101010100010101000
101010100010101001000101000
11001010100010101010001010100
101010100010101010001010101000
