(6,4,3)
1111111111111111111111111111111111111111111111111111111111110000
100100
101010
110110000
1110001000
100100100
101010100
110101010
111011010
11101100
1110100
110100
111010
111110000
1100
111100000
101000
11010100
11011010
111011000
11100100
1010100
1101100
11101000
1100100
11010
11110000
10100
11010000
110001000
1001001000
1010010010000
101010010100100
110010010101010000
1010101001010001000
1100010001010101010000
10101010100010010001000
1100101000101010101000100
10101010100010101000101000
