(6,4,4)
1111111111111111111111111111111111111111111111111111111111100000
10001000
100100100
1010010100
11001010100
1010101010
11010101100
1101011010
110110110
1110111000
111100100
101010
1101100
111010
111110000
1100
11000
1010
1110000
100100
1010100
11001100
1101010
11011000
1110100
110100
11010
11110000
10100
11010000
110001000
10100100
11001010000
101010001000
1100110001000
11010001001000
110001001001000
1001001001001000
1010010010001010000
1010100001010001010000
1010101000101010001010000
1010101010001010100010101000
