(6,6,5)
1111111111111111111111111111111111111111111111111111111111100000
10001000
11000101000
1010010100
11001010100
1010101010
11010101100
1101011010
110110110
1110111000
111100100
101010
1101100
111010
11100
1111100000
11000
1010
1110000
100100
1010100
11001100
1101010
11011000
111001000
10100100
11001010000
101010001000
1100110001000
11010001001000
110001001001000
1001001001001000
1010010001001010000
1010100001010010010000
1010100001010100001010000
1010101000101010000101010000
1010101000101010100010101010000
1010101010001010101010001010101000
