(6,6,2)
1111111111111111111111111111111111111111111111111111111111110000
100100000
101010000
110110000
1110001000
100100100
101010100
110101010
111011010
11101100
1110100
110100
1101000
11001000
11010100
110101000
111011000
11100100
1010100
1101100
11101000
1100100
11010
11110000
10100
11010000
110001000
110010100
110100001100
1101000100010
11000110001000
110010001001000
1010001001001000
1010010001010010000
101010010100101000100
110010100010010101010000
1010101001000101010001000
110010101010001000101010100
1010101010001010101010001000
