(7,4,3)
1111111111111111111111111111111111111111111111111111111111110000
100100000
101010000
110110000
1110001000
100100100
101010100
110101010
111011010
11101100
1110100
110100
1101000
11001000
11010100
110101000
111011000
11100100
1010100
1101100
11101000
1100100
10101000
11010010
110011000
1101000100
11000101000
101001000100
101010010010000
10101010010100100
11001001010101010000
101010101001010001000
110001000101010101010000
1010101010100010010001000
110010100010101010101000100
1010101010100010101000101000
