(7,4,4)
1111111111111111111111111111111111111111111111111111111111100000
1000100000
1001000010000
1001000100001000
10010010010001000
101001001000100100
101010010010001010000
101010100001010001010000
101010101000101010001010000
101010101010001010100010101000
1111111111111111111111111111111111111111111111111111111110000000
100000100000
1001000010000
1001000100001000
10010010010001000
101001001000100100
101010010010001010000
101010100001010001010000
101010101000101010001010000
101010101010001010100010101000
