(7,4,4)
1111111111111111111111111111111111111111111111111111111111110000
100100
101010
110110000
1110001000
100100100
101010100
110101010
111011010
11101100
1110100
110100
111010
111110000
1100
111100000
101000
11010100
11011010
111011000
11100100
1010100
1101100
11101000
1100100
1101000010
11110000
10100
11010000
110001000
1001001000
1010010010000
1100001010010000
10100100010001000
10100100100001001000
10101001010001001000
11000100100010101010000
101010100010010010001000
11001010101010001000100100
101010101010001010010001000
11001010001010101010100010100
101010101010001010100010101000
