(7,5,4)
1111111111111111111111111111111111111111111111111111111111100000
1000100000
10010010000
10100001010000
11000010100010000
101000100010001000
1010001001001001000
10100100101001001000
10101001001000101010000
10101010000101010001010000
10101010100010101000101010000
10101010101000101010100010101000
1111111111111111111111111111111111111111111111111111111110000000
100000100000
110001000100000
10100100010000
11000010100010000
101000100010001000
1010001001001001000
10100100101001001000
10101001001000101010000
10101010000101010001010000
10101010100010101000101010000
10101010101000101010100010101000
