(7,5,3)
1111111111111111111111111111111111111111111111111111111111100000
1000100000
1001000010000
10010001001000
101001001001000
101001001010010000
101010010000101010000
101010100001010100010000
101010101000101000101010000
101010101010001010101000101000
1111111111111111111111111111111111111111111111111111111110000000
100000100000
1001000010000
10010001001000
101001001001000
101001001010010000
101010010000101010000
101010100001010100010000
101010101000101000101010000
101010101010001010101000101000
