(7,5,4)
1111111111111111111111111111111111111111111111111111111111110000
100100
101010
110110000
1110001000
100100100
101010100
110101010
111011010
11101100
1110100
110100
1101000
11001000
101001000
110101000
111011000
11100100
1010100
1101100
11101000
1100100
11010
11110000
10100
11010000
110001000
1001001000
1010010010000
1010100101000
1100101000110000
11000101010001000
101010010001001000
110010001001000110000
1100010010001010001000
110010101000100011000100
1100010100010101010001000
110010101010100010100011000
1100100010101010101000101000
10101010101000101001000101000
1100101010001010101010100010100
10101010101000101010100010101000
