(7,6,6)
1111111111111111111111111111111111111111111111111111111111100000
1000100000
1001000010000
10100100010000
11000010100010000
101000100010001000
1010010010010001000
1010010010100010010000
10100100101001001010000
10101001001010000101010000
10101010000101010000101010000
10101010001010101000010101010000
10101010100010101010100010101010000
10101010101000101010101000101010101000
1111111111111111111111111111111111111111111111111111111110000000
100000100000
1001000010000
10100100010000
11000010100010000
101000100010001000
1010010010010001000
1010010010100010010000
10100100101001001010000
10101001001010000101010000
10101010000101010000101010000
10101010001010101000010101010000
10101010100010101010100010101010000
10101010101000101010101000101010101000
