(7,6,5)
1111111111111111111111111111111111111111111111111111111111100000
10001000
100100100
1010010100
11001010100
1010101010
11010101100
1101011010
110110110
1110111000
111100100
101010
1101100
111010
111110000
1100
11000
1010
1110000
100100
1010100
11001100
1101010
11011000
1110100
110100
11010
11110000
10100
11010000
110001000
10100100
11001010000
101010001000
110001000110000
1100010010001000
10010010001001000
101001001001000100
101001001010010010000
101010010010100001010000
101010010010101000101010000
101010100010101000010101010000
101010101000101010100010101010000
101010101010001010101010001010101000
