(7,7,5)
1111111111111111111111111111111111111111111111111111111111100000
10001000
11000101000
1010010100
11001010100
1010101010
11010101100
1101011010
110110110
1110111000
111100100
101010
1101100
11101000
1100100
10101000
110011000
11010100
1101010
11011000
1110100
110100
1101000
11001000
101001000
110001010000
1010010001000
1100010001010000
10100010010001000
110010010001001000
1010010001001001000
10100100101001000100
10101001001010010010000
10101001001010100001010000
10101010010010101000010101000
10101010010010101010001010101000
10101010100010101010001010101010000
10101010101000101010101010001010101000
