(7,7,7)
1111111111111111111111111111111111111111111111111111111111100000
10001000
100100100
1010010100
11001010100
1010101010
11010101100
1101011010
110110110
1110111000
111100100
101010
1101100
111010
111110000
1100
111100000
101000
110010000
1010001000
1100010010000
10010010001000
10100010001010000
11000010100010010000
101000100100010001000
1010001001001001001000
10100100101001001001000
101001001010010010100100
101010010010100100101010000
101010100001010100100101010000
101010100001010101000010101010000
101010101000101010101000010101010000
101010101010001010101010000101010101000
101010101010001010101010100010101010101000
