(7,7,6)
1111111111111111111111111111111111111111111111111111111111100000
10001000
11000101000
1010010100
11001010100
1010101010
11010101100
1101011010
110110110
1110111000
111100100
101010
1101100
111010
111110000
1100
111100000
101000
110010000
1010001000
11001001000
1010100100
1100100110000
11001010001000
101010001001000
110001001000110000
1100010010010001000
10010010010001001000
101001001001000100100
1010010010100100100100
1010100100101001001010000
1010100100101010000101010000
1010101000010101010000101010000
1010101010001010101000010101010000
1010101010001010101010001010101010000
1010101010100010101010101000101010101000
