(7,7,3)
1111111111111111111111111111111111111111111111111111111111100000
1000100000
1001000010000
10010001001000
10100010010010000
101001000101000100
1010100100101000100
1010101001001010010000
1010101001001010100001000
1010101001001010101000101000
1010101010001010001010101010000
1010101010100010101010101000101000
1111111111111111111111111111111111111111111111111111111110000000
100000100000
1001000010000
10010001001000
10100010010010000
101001000101000100
1010100100101000100
1010101001001010010000
1010101001001010100001000
1010101001001010101000101000
1010101010001010001010101010000
1010101010100010101010101000101000
