(8,4,4)
1111111111111111111111111111111111111111111111111111111111100000
10001000
100100100
1010010100
11001010100
1010101010
11010101100
1101011010
110110110
1110111000
111100100
101010
1101100
11101000
1100100
10101000
110011000
11010100
1101010
11011000
111001000
110100
11010
111000
11110100000
11010000
110001000
1001001000
1010001010000
11001000101000
11010000100101000
110001001010010000
1010010010001000100
10101001001000100100
10101010010010001010000
10101010100001010001010000
10101010101000101010001010000
10101010101010001010100010101000
