(8,5,4)
1111111111111111111111111111111111111111111111111111111111100000
10001000
11000101000
1010010100
11001010100
1010101010
11010101100
1101011010
110110110
1110111000
111100100
101010
1101100
11101000
1100100
10101000
110100100
1100101000
10101001000
11001000110000
110001010001000
1010010001001000
1100010010001010000
10100010010010001000
101001001000101000100
1010100100101000100100
1010101001001000101010000
1010101010000101010001010000
1010101010100010101000101010000
1010101010101000101010100010101000
