(8,6,5)
1111111111111111111111111111111111111111111111111111111111100000
10001000
11000101000
1010010100
11001010100
1010101010
11010101100
1101011010
110110110
1110111000
111100100
101010
1101100
111010
111110000
1100
111100000
101000
110010000
1010001000
1100010010000
101001001000
110010010010000
1010010010001000
1010010010010000100
10101001001001000100
10101001001010000100100
10101001001010100100101000
10101010010010100010101010000
10101010100001010101000101010000
10101010101000101010100010101010000
10101010101010001010101010001010101000
