(8,6,3)
1111111111111111111111111111111111111111111111111111111111100000
1000100000
10010010000
1010010010100000
1010100100101001000
1010100100101010010000
1010101001000010101010000
1010101010000101010100010000
1010101010100010100010101010000
1010101010101000101010101000101000
1111111111111111111111111111111111111111111111111111111110000000
100000100000
101000100100000
101001000101001000
1010100100101001000
1010100100101010010000
1010101001000010101010000
1010101010000101010100010000
1010101010100010100010101010000
1010101010101000101010101000101000
