(8,7,4)
1111111111111111111111111111111111111111111111111111111111100000
10001000
11000101000
1010010100
11001010100
1010101010
11010101100
1101011010
110110110
1110111000
111100100
101010
1101100
11101000
1100100
10101000
110011000
11010100
1101010
11101100
1110100
110100
11010
11110000
10100
11010000
110001000
1001001000
1010010010000
101010010010100000
10101001001010100100000
10101010010010101000010000
10101010010010101010001010000
10101010100010100001010101010000
10101010101000101010001010101010000
10101010101010001010101010100010101000
