(8,7,5)
1111111111111111111111111111111111111111111111111111111111100000
10001000
100100100
1010010100
11001010100
1010101010
11010101100
1101011010
110110110
1110111000
111100100
101010
1101100
111010
11100
1111100000
11000
1010
1110000
100100
1010100
11001100
110100010
11011000
111001000
10100100
11001010000
11010000110000
110001000110000
1100010010001000
10010010001001000
10100100010010010000
101001000101001000100
1010100100101001000100
1010100100101010010010000
1010101001001010100001010000
1010101001001010101000101010000
1010101010001010100001010101010000
1010101010100010101010001010101010000
1010101010101000101010101010001010101000
