(8,8,8)
1111111111111111111111111111111111111111111111111111111111100000
1000100000
10010010000
10100001010000
11000010100010000
101000100010001000
1100100100010001000
101010010001000100
101010010010000100100
101010100100100001010000
10101010010010100000101010000
10101010010010101000100101010000
1100101010000101010100100101010100000
101010101000010101010010010101010000
101010101000010101010100001010101010000
101010101010001010101010100001010101010000
101010101010100010101010101000010101010101000
101010101010100010101010101010001010101010101000
