(8,8,4)
1111111111111111111111111111111111111111111111111111111111100000
10001000
11000101000
1010010100
11001010100
1010101010
11010101100
1101011010
110110110
1110111000
111100100
101010
1101100
111010
11100
1111100000
11000
1010
1110000
100100
1010100
11001100
1101010
11011000
111001000
10100100
110010100
10101010
11010110000
110110001000
1110001001000
100100100100
101001001010000
10101001001010100000
1010101001001010100100000
1010101001001010101000010000
1010101010010010101010000101000
1010101010010010101010100010101000
1010101010100010101000101010101010000
1010101010101000101010101010100010101000
