(8,8,7)
1111111111111111111111111111111111111111111111111111111111100000
10001000
11000101000
1010010100
11001010100
1010101010
11010101100
1101011010
110110110
1110111000
111100100
101010
1101100
111010
111110000
1100
11000
1010
1110000
100100
1010100
11001100
110100010
1100011000
11001000100
101000101000
110001010010000
1010010001000100
1010010010000100100
101001001010010010100000
101010010010100100101001000
1010100100101010010010100100
1010101001001010100100101010000
1010101001001010101000010101010000
1010101010000101010101000010101010000
1010101010100010101010100001010101010000
1010101010100010101010101000101010101010000
1010101010101000101010101010100010101010101000
