(9,4,2)
1111111111111111111111111111111111111111111111111111111111100000
10001000
11000101000
1010010100
11001010100
1010101010
11010101100
1101011010
110110110
1110111000
111100100
101010
1101100
11101000
1100100
10101000
110011000
11010100
1101010
11011000
111001000
110100
1101000
11001000
101001000
101010010000
101010100010000
101010100100001000
1010101001001000100
10101010100101000100
11000100101010101010000
101010101010010010001000
101010101010100010001010000
101010101010101000101010001000
