(9,5,4)
1111111111111111111111111111111111111111111111111111111111100000
10001000
11000101000
1010010100
11001010100
1010101010
11010101100
1101011010
110110110
1110111000
111100100
101010
1101100
111010
11100
1111100000
11000
101000
110010000
1010001000
1100010010000
101001001000
101010001010000
1101000101000100
11000101000101000
11001000011000101000
110010001000100101000
1010010001010001000100
10101001001000101000100
101010100100101000100100
101010101001001000101010000
101010101010000101010001010000
101010101010100010101000101010000
101010101010101000101010100010101000
