(9,6,3)
1111111111111111111111111111111111111111111111111111111111100000
10001000
100100100
1010010100
11001010100
1010101010
11010101100
1101011010
110110110
1110111000
111100100
101010
1101100
11101000
1100100
10101000
110011000
11010100
1101010
11011000
1110100
110100
11010
111000
11110100000
11010000
110001000
1001001000
1010010010000
101010010010100000
101010100100101001000
101010100100101010000100
101010101001000010101010000
101010101010000101010100010000
101010101010100010100010101010000
101010101010101000101010101000101000
