(9,6,6)
1111111111111111111111111111111111111111111111111111111111100000
10001000
100100100
1010010100
11001010100
1010101010
11010101100
1101011010
110110110
1110111000
111100100
101010
1101100
111010
11100
1111100000
11000
1010
1110000
100100
1010100
11001100
1101010
11011000
111001000
110100
11010
11110000
10100
11010000
11100010000
1001001000
1010010010000
1100001010010000
10100100010001000
110010100010001000
1100110010010001000
11010001001000100100
110001010010001001000
1010010001001001000100
10101001001001001000100
10101001001010000101000100
101010100100101000010100100
101010100100101010001010100100
101010101001001010100010101010000
101010101010000101010100010101010000
101010101010100010101010100010101010000
101010101010101000101010101000101010101000
