(9,7,5)
1111111111111111111111111111111111111111111111111111111111100000
10001000
100100100
1010010100
11001010100
1010101010
11010101100
1101011010
110110110
1110111000
111100100
101010
1101100
11101000
1100100
10101000
110011000
11010100
1101010
11011000
111001000
110100
1101000
11001000
11010000100
110001010000
1010010001000
1100010001010000
11001000110001000
110001010001001000
1010010001001001000
1010010001001010010000
10101001000101001000100
101010100100101001000100
101010101001000100101010000
101010101001001000010101010000
101010101001001010001010101010000
101010101010000101010101000101010000
101010101010100010101010001010101010000
101010101010101000101010101010001010101000
