(9,8,7)
1111111111111111111111111111111111111111111111111111111111100000
10001000
11000101000
1010010100
11001010100
1010101010
11010101100
1101011010
110110110
1110111000
111100100
101010
1101100
11101000
1100100
10101000
110100100
11010100
1101010
11011000
1110100
110100
11010
11110000
10100
11010000
110001000
1001001000
1010001010000
1100001010010000
10100100010001000
10100100100001001000
10101000100100001010000
1010100010010100000101010000
10101001001010100001010100000
10101010000101010100001010100000
10101010010001010101000010101010000
101010101001001010101000010101010000
101010101001001010101010001010101010000
101010101010001010101010000101010101010000
101010101010100010101010101000101010101010000
101010101010101000101010101010100010101010101000
