(9,9,7)
1111111111111111111111111111111111111111111111111111111111100000
10001000
100100100
1010010100
11001010100
1010101010
11010101100
1101011010
110110110
1110111000
111100100
101010
1101100
111010
11100
1111100000
11000
101000
110010000
1010001000
11001001000
1010100100
1100100110000
11001010001000
101010001001000
1100110001001000
11010001001001000
110001001001001000
1001001001001001000
10100100100100100100
10100100101001001010000
1010100100101001001010100000
1010101000010101001001010100000
1010101010001001010100100101010000
10101010100100101010100100101010000
10101010100100101010101000010101010000
10101010101001001010101010000101010101000
10101010101001001010101010100010101010101000
10101010101010001010101010100010101010101010000
10101010101010100010101010101010100010101010101000
