(9,9,9)
1111111111111111111111111111111111111111111111111111111111100000
10001000
100100100
1010010100
11001010100
1010101010
11010101100
1101011010
110110110
1110111000
111100100
101010
1101100
111010
111110000
1100
111100000
101000
110010000
1010001000
1100010010000
10010010001000
101001010001000
110001000101010000
1101000100011000100
11000101000110001000
110001010010001001000
1010010001001001000100
10101001001001001000100
101010100100100100100100
101010100100101000010100100
10101010010010101000001010100100
10101010010010101010010010101001000
101010100100101010100100101010100100
101010101001001010101001001010101010000
101010101010000101010101001001010101010000
101010101010000101010101010000101010101010000
101010101010100010101010101010000101010101010000
101010101010101000101010101010100001010101010101000
101010101010101000101010101010101000101010101010101000
