(9,9,8)
1111111111111111111111111111111111111111111111111111111111100000
1000100000
1001000010000
1001000100001000
1001001000100010000
10010010001001001000
101001001001001000100
1010100100100100100100
1010100100101000010100100
1010101001001010000101010000
1010101010000101010000101010000
101010101000010101010000010101010000
101010101000100101010100001010101010000
1010101010010010101010100001010101010000
1010101010100001010101010100001010101010000
1010101010101000101010101010000101010101010000
1010101010101000101010101010100010101010101010000
1010101010101010001010101010101010001010101010101000
