(9,9,5)
1111111111111111111111111111111111111111111111111111111111100000
10001000
100100100
1010010100
11001010100
1010101010
11010101100
1101011010
110110110
1110111000
111100100
101010
1101100
11101000
1100100
10101000
110011000
11010100
1101010
11011000
111001000
10100100
11001010000
101010001000
1100110001000
11010001001000
110001001001000
1001001001001000
1010010001001010000
101010010001001010100000
101010100100010010101001000
101010100100100001010101001000
1010101010010010101010010010000
1010101010010010101010100001010000
1010101010100100101010101000010101000
1010101010100100101010101010001010101000
1010101010101000101010100010101010101010000
1010101010101010001010101010101010001010101000
