6,7,8,9,10
4,5,6,10,11,12,13,14,15
15,12,0,1,2,3,4,13,16
14,15,16,17,18
17,18,19,20,21
21,18,16,13,14,17,19,22,23
20,21,22,24,25
23,19,20,24,26
26,24,25,27,28
28,25,22,23,26,27,29,30,31
29,30,32,33,34
34,30,31,35,36
36,31,27,28,29,32,37,38,39
35,36,37,40,41
33,34,35,40,42
39,32,33,42,43
43,42,40,41,44
38,39,43,44,45,46,47,48,49
49,44,41,37,38,45,50,51,52
48,49,50,53,54
47,48,53,55,56
46,47,55,57,58
52,45,46,57,59
51,52,59,60,61
61,59,57,58,62
62,58,55,56,63
60,61,62,63,64
64,63,56,53,54
50,51,60,64,54
