4,5,6,7,8,16,17
10,11,12,13,14,18,19
19,14,15,0,1,2,20
17,8,9,10,18,21,22
20,2,3,4,16,23,24
22,18,19,20,23,25,26
21,22,25,27
24,16,17,21,27,28,29
29,27,25,26,30,31,32
32,26,23,24,28,33,34
31,32,33,35
34,28,29,30,36,37,38
35,33,34,36,39,40,41
38,30,31,35,39,42,43
37,38,42,44
41,36,37,44
43,39,40,45,46,47,48
48,40,41,44,42,43,45
46,47,49,50,51,52,53
53,47,48,45,46,49,54
52,53,54,55
55,54,49,50,56,57,58
51,52,55,56,59,60,61
58,50,51,59,62,63,64
64,59,60,65
57,58,62,66
63,64,65,67
66,62,63,67,68,69,70
70,67,65,60,61,71,72
72,61,56,57,66,68,73
69,70,71,74
74,71,72,73
68,69,74,73
