6,7,8,9,10,11,14,15,16,17,18,19,20
16,17,21
15,16,21
19,20,22
18,19,22
14,15,21,17,18,22,20,11,12,13,23,24,25
24,25,26
26,25,13,0,1,2,3,4,27,28,29,30,31
29,30,32
32,30,31
28,29,32,31,4,5,6,14,23,33,34,35,36
27,28,33
34,35,37
37,34,33,27,26,24,23,36,38,39,40,41,42
42,41,43
38,39,44
43,42,36,35,37,38,44,45,46,47,48,49,50
46,47,51
51,46,45
48,49,52
40,41,43,45,51,47,48,52,53,54,55,56,57
54,55,58
53,54,58
50,44,39,40,53,58,55,56,59,60,61,62,63
63,56,57
59,60,64
64,59,50,49,52,57,63,62,65,66,67,68,69
61,62,69
68,67,70
65,66,71
70,68,69,61,60,64,65,71,72,73,74,75,76
72,73,77
75,76,78
77,72,70,67,66,71,76,78,79,80,81,82,83
82,81,84
84,82,83
80,79,85
74,75,78,83,84,81,80,85,86,87,88,89,90
86,87,91
90,85,79,77,73,74,86,91,92,93,94,95,96
89,90,92
94,95,97
93,94,97
88,89,92,93,97,95,96,98,99,100,101,102,103
99,100,104
104,99,98
101,100,104,98,88,87,91,96,103,105,106,107,108
108,103,102
105,106,109
107,108,102,101,105,109,110,111,112,113,114,115,116
114,113,117
112,113,117
116,115,118
110,111,119
118,115,114,117,112,111,119,120,121,122,123,124,125
121,122,126
120,121,126
125,119,110,107,106,109,116,118,120,126,122,123,127
127,125,124
123,127,124
