2,3,4,16
14,15,0,1,2,16,17,18,19
19,16,4,5,6,7,8,20,21
21,8,9,10
20,21,10,11,12,13,14,17,22
22,17,18,23,24,25,26,27,28
28,18,19,20,22,23,29,30,31
27,28,29,32
31,23,24,33
26,27,32,34
34,32,29,30
33,24,25,35,36,37,38,39,40
40,25,26,34,30,31,33,35,41
39,40,41,42
42,41,35,36
38,39,42,36,37,43,44,45,46
44,45,47,48
46,45,48,49
43,44,47,50
50,47,48,49,51,52,53,54,55
55,49,46,37,38,43,50,51,56
52,53,57,58
58,53,54,59
57,58,59,60
60,59,54,55,56,61,62,63,64
64,56,51,52,57,60,61,65,66
63,64,65,67
62,63,67,68
68,67,65,66
61,62,68,66
