8,7,6,5,4
10,9,8,4,3,2,16,17
14,13,12,11,10,16,18,19
17,2,1,0,15,14,18,20
19,18,20,21,22
22,20,17,16,19,21,23,24
24,23,25,26,27
25,24,21,22,23,27,28,29
29,27,26,30,31
28,29,30,32,33
31,26,25,28,32,34,35,36
33,32,36,37,38
34,31,30,33,37,39,40,41
41,37,38,42,43
43,38,36,35,44
44,35,34,39,45
42,41,40,46,47
47,40,39,45,48
48,45,44,43,42,46,49,50
50,49,51,52,53
53,49,48,47,46,50,51,54
54,53,52,55,56,57,58,59
59,52,51,54,55,60,61,62
60,59,58,63,64
61,60,63,65,66
62,61,65,67,68
56,55,62,67,69
69,67,68,70,71
71,68,65,66,72
72,66,63,64,73
70,71,72,73,74
74,73,64,58,57
56,69,70,74,57
