2,3,4
14,15,0,1,2,4,5,6,7,8,16,17,18,19,20,21
17,18,22
16,17,22
10,11,12,13,14,16,22,18,19,23,24,25,26,27,28,29
29,19,20
24,25,30
23,24,30
26,27,31
21,8,9,10,23,30,25,26,31,32,33,34,35,36,37,38
34,35,39
33,34,39
37,38,40
40,37,36
32,33,39,35,36,40,38,31,27,28,41,42,43,44,45,46
42,43,47
47,42,41
46,28,29,20,21,32,41,47,43,44,48,49,50,51,52,53
45,46,48
50,51,54
54,50,49
53,44,45,48,49,54,51,52,55,56,57,58,59,60,61,62
56,57,63
63,56,55
58,59,64
61,62,65
65,62,52,53,55,63,57,58,64,66,67,68,69,70,71,72
68,69,73
67,68,73
71,72,74
70,71,74
66,67,73,69,70,74,72,64,59,60,75,76,77,78,79,80
76,77,81
81,76,75
80,60,61,65,66,75,81,77,78,82,83,84,85,86,87,88
79,80,82
84,85,89
89,84,83
86,87,90
88,78,79,82,83,89,85,86,90,91,92,93,94,95,96,97
93,94,98
95,94,98
91,92,99
96,97,100
100,96,95,98,93,92,99,101,102,103,104,105,106,107,108,109
106,105,110
104,105,110
109,108,111
107,108,111
103,102,112
101,100,97,90,87,88,91,99,109,111,107,106,110,104,103,112
101,102,112
