4,5,6,7,8
10,11,12,13,14
16,17,0,1,2,18,19,20,21,22,23,24
24,2,3,4,8,9,10,14,15,16,18,25
23,24,25,26,27
27,25,18,19,28
22,23,26,29,30
30,26,27,28,31
29,30,31,32,33
21,22,29,32,34
20,21,34,35,36
36,34,32,33,37
35,36,37,38,39
39,37,33,31,28,19,20,35,38,40,41,42
40,41,43,44,45
45,41,42,46,47
44,45,46,48,49
43,44,48,50,51
47,42,38,39,40,43,50,52,53,54,55,56
49,46,47,52,57
51,48,49,57,58
54,55,59,60,61
53,54,59,62,63
63,59,60,64,65
61,55,56,66,67
65,60,61,66,68
62,63,64,69,70
70,64,65,68,71
71,68,66,67,72
69,70,71,72,73
58,57,52,53,62,69,73,74,75,76,77,78
78,73,72,67,56,50,51,58,74,79,80,81
77,78,79,82,83
76,77,82,84,85
75,76,84,86,87
85,82,83,88,89
87,84,85,88,90
89,83,79,80,91
90,88,89,91,92
86,87,90,92,93
93,92,91,80,81
74,75,86,93,81
