11,10,9,8,7,6,14,15
4,3,2,1,0,13,16,17
17,13,12,11,14
16,17,14,15,18,19,20,21
21,15,6,5,4,16,18,22
22,21,20,23,24
24,20,19,25,26
26,19,18,22,23,27,28,29
27,26,25,30,31
31,25,24,23,29,32,33,34
30,31,32,35,36
28,27,30,35,37
34,29,28,37,38
38,34,33,39,40
40,33,32,36,41
41,36,35,37,38,39,42,43
43,42,44,45,46
44,43,39,40,41,42,46,47
47,46,45,48,49,50,51,52
52,45,44,47,48,53,54,55
53,52,51,56,57
54,53,56,58,59
55,54,58,60,61
49,48,55,60,62
62,60,61,63,64
64,61,58,59,65
65,59,56,57,66
63,64,65,66,67
67,66,57,51,50
49,62,63,67,50
