11,10,9,8,7,6,14,15,16,17,18
15,16,19
14,15,19
13,12,11,14,19,16,17,20,21,22,23
23,17,18
4,3,2,1,0,13,20,24,25,26,27
27,20,21
22,23,18,6,5,4,24,28,29,30,31
31,30,32
29,30,32
26,25,33
28,22,21,27,26,33,34,35,36,37,38
38,33,25,24,31,32,29,28,34,39,40
37,36,41
41,36,35
39,38,37,41,35,34,40,42,43,44,45
42,43,46
45,44,47
47,45,40,39,42,46,48,49,50,51,52
51,50,53
49,50,53
52,51,53,49,48,54,55,56,57,58,59
59,48,47,44,43,46,52,54,60,61,62
60,59,58
55,54,62
57,56,63
61,60,58,57,63,64,65,66,67,68,69
65,66,70
64,65,70
69,63,56,55,62,61,64,70,66,67,71
71,69,68
67,71,68
