10,9,8,16
14,13,12,11,10,16,17,18,19
19,16,8,7,6,5,4,20,21
21,4,3,2
20,21,2,1,0,15,14,17,22
18,17,22,23,24,25,26,27,28
28,22,20,19,18,23,29,30,31
29,28,27,32
24,23,31,33
32,27,26,34
30,29,32,34
25,24,33,35,36,37,38,39,40
40,33,31,30,34,26,25,35,41
41,40,39,42
36,35,41,42
37,36,42,39,38,43,44,45,46
44,45,47,48
43,44,47,49
49,47,48,50
50,48,45,46,51,52,53,54,55
55,46,38,37,43,49,50,51,56
54,53,57,58
58,53,52,59
57,58,59,60
56,55,54,57,60,61,62,63,64
64,60,59,52,51,56,61,65,66
65,64,63,67
66,65,67,68
68,67,63,62
61,66,68,62
