5,4,3,2,1,0,30
18,17,16,15,14,13,31
7,6,5,30,29,28,32
11,10,9,8,7,32,33
33,32,28,27,26,34,35
31,13,12,11,33,34,36
35,26,25,24,23,22,37
20,19,18,31,36,38,39
39,36,34,35,37,40,41
41,37,22,21,20,38,42
42,41,40,43,44,45,46
46,40,39,38,42,43,47
45,44,48,49
47,46,45,48,50,51,52
49,44,43,47,50,53,54
51,50,54,55
53,49,48,52,56,57,58
55,54,53,56,59,60,61
58,52,51,55,59,62,63
62,58,57,64
64,57,56,61
60,59,63,65,66,67,68
68,63,62,64,61,60,65
67,66,69,70,71,72,73
73,66,65,68,67,69,74
74,73,72,75
70,69,74,75,76,77,78
78,75,72,71,79,80,81
81,71,70,76,82,83,84
82,81,80,85
83,82,85,86
77,76,84,87
87,84,83,86,88,89,90
90,86,85,80,79,91,92
92,79,78,77,87,88,93
93,92,91,94
94,91,90,89
88,93,94,89
