14,13,12,11,10
2,1,0,15,14,10,9,8,16,17,18,19
4,3,2,16,20
19,8,7,6,5,4,20,21,22,23,24,25
17,16,20,25,26
26,25,24,27,28
18,17,26,27,29
21,19,18,29,30
28,24,23,31,32
22,21,30,33,34
32,23,22,33,35
34,33,35,36,37
37,35,32,31,38
38,31,28,27,29,30,34,36,39,40,41,42
41,40,43,44,45
42,41,43,46,47
47,43,44,48,49
45,40,39,50,51
49,44,45,50,52
48,49,52,53,54
46,47,48,53,55
55,53,54,56,57
51,39,38,37,36,42,46,55,56,58,59,60
57,56,60,61,62
58,51,50,52,54,57,61,63,64,65,66,67
62,60,59,68,69
67,61,62,68,70
69,59,58,63,71
71,69,68,70,72
72,70,67,66,73
65,64,74,75,76
73,66,65,74,77
76,64,63,71,72,73,77,78,79,80,81,82
75,74,77,82,83
78,76,75,83,84
84,83,82,81,85
79,78,84,85,86
80,79,86,87,88
87,88,89,90,91
89,87,80,81,85,86,88,91,92,93,94,95
95,91,90,96,97
97,90,89,92,98
96,95,94,99,100
93,92,98,101,102
100,94,93,101,103
99,100,103,104,105
105,103,101,102,106
104,105,106,107,108
108,106,102,98,97,96,99,104,107,109,110,111
111,110,112,113,114
114,110,109,115,116
113,114,115,117,118
112,113,117,119,120
118,115,116,121,122
120,117,118,121,123
122,116,109,108,107,111,112,119,124,125,126,127
126,125,128,129,130
124,125,130,131,132
129,130,132,133,134
127,126,128,135,136
136,128,129,133,137
135,136,137,138,139
139,137,133,134,140
140,134,132,131,141
138,139,140,141,142
142,141,131,124,122,121,123,143,144,145,146,147
147,123,120,119,127,135,138,142,143,148,149,150
148,147,146,151,152
150,149,153,154,155
155,149,148,151,156
156,151,152,157,158
154,155,156,157,159
158,152,146,145,160
159,157,158,160,161
153,154,159,161,162
162,161,160,145,144
143,150,153,162,144
