4,3,2,1,0,12,13,14,15,16
14,15,17
13,14,17
6,5,4,13,17,15,16,18,19,20
10,9,8,7,6,18,21,22,23,24
24,18,19
20,16,12,11,10,21,25,26,27,28
22,21,28
26,25,29
23,24,19,20,25,29,30,31,32,33
32,31,34
33,32,34
30,23,22,28,27,35,36,37,38,39
39,27,26,29,33,34,31,30,35,40
40,39,38
36,35,40,38,37,41,42,43,44,45
42,43,46
41,42,46
45,37,36,41,46,43,44,47,48,49
49,48,50
50,49,44,45,47,51,52,53,54,55
54,53,56
52,53,56
55,54,56,52,51,57,58,59,60,61
61,51,50,48,47,55,57,62,63,64
62,61,60
58,57,64
63,62,60,59,65,66,67,68,69,70
66,67,71
65,66,71
70,59,58,64,63,65,71,67,68,72
72,70,69
68,72,69
