14,13,12,11,10
8,7,6,5,4
16,15,14,10,9,8,4,3,2,18,19
18,19,20,21,22
22,19,2,1,0,17,16,18,20,23,24
23,22,21,25,26
24,23,25,27,28
28,25,26,29,30
27,28,29,31,32
30,26,21,20,24,27,31,33,34,35,36
33,30,29,32,37
34,33,37,38,39
35,34,38,40,41
36,35,40,42,43
41,38,39,44,45
43,40,41,44,46
45,39,37,32,31,36,42,47,48,49,50
47,45,44,46,51
51,46,43,42,50
49,48,52,53,54
54,48,47,51,50,49,52,55,56,57,58
57,56,59,60,61
58,57,59,62,63
63,59,60,64,65
61,56,55,66,67
65,60,61,66,68
64,65,68,69,70
67,66,68,70,71
69,64,63,62,72
71,70,69,72,73
53,54,55,67,71,73,74,75,76,77,78
78,73,72,62,58,52,53,74,79,80,81
77,78,79,82,83
76,77,82,84,85
75,76,84,86,87
87,84,85,88,89
89,85,82,83,90
90,83,79,80,91
86,87,88,92,93
93,88,89,90,91
92,93,91,80,81
74,75,86,92,81
