10,9,8,16
4,3,2,17
16,8,7,6,5,4,17,18,19,20,21,22,23
14,13,12,11,10,16,18,24,25,26,27,28,29
23,17,2,1,0,15,14,24,30,31,32,33,34
25,24,34,35
30,23,22,36
19,18,29,37
37,29,28,38
20,19,37,38
35,34,33,39
26,25,35,39
31,30,36,40
40,36,22,21
27,26,39,33,32,41,42,43,44,45,46,47,48
48,32,31,40,21,20,38,28,27,41,49,50,51
49,48,47,52
42,41,51,53
52,47,46,54
50,49,52,54
43,42,53,55
55,53,51,50,54,46,45,56,57,58,59,60,61
61,45,44,62
60,61,62,63
59,60,63,64
58,59,64,65
65,64,63,62,44,43,55,56,66,67,68,69,70
66,65,58,57
69,68,71,72
70,69,71,73
73,71,72,74
67,66,57,56,70,73,74,75,76,77,78,79,80
77,78,81,82
76,77,81,83
82,78,79,84
83,81,82,84
75,76,83,84,79,80,85,86,87,88,89,90,91
91,80,74,72,68,67,75,85,92,93,94,95,96
92,91,90,97
93,92,97,98
98,97,90,89
86,85,96,99
99,96,95,100
87,86,99,100
94,93,98,89,88,101,102,103,104,105,106,107,108
103,104,109,110
102,103,109,111
101,102,111,112
112,111,109,110
108,88,87,100,95,94,101,112,110,104,105,113,114
114,113,115,116
116,113,108,107
115,116,107,106
105,114,115,106
