5,4,3,2,1,0,26,27
24,23,22,21,20
27,26,25,24,20,19,18,28
28,18,17,16,15,14,13,29
7,6,5,27,28,29,30,31
11,10,9,8,7,30,32,33
31,29,13,12,11,32,34,35
33,32,35,36,37
34,31,30,33,36,38,39,40
40,36,37,41,42
42,37,35,34,38,43,44,45
43,42,41,46,47
47,41,40,39,48
48,39,38,45,49
49,45,44,50,51
51,44,43,46,52
50,49,48,47,46,52,53,54
53,54,55,56,57
55,53,50,51,52,54,57,58
58,57,56,59,60,61,62,63
63,56,55,58,59,64,65,66
64,63,62,67,68
65,64,67,69,70
66,65,69,71,72
60,59,66,71,73
73,71,72,74,75
75,72,69,70,76
76,70,67,68,77
74,75,76,77,78
78,77,68,62,61
60,73,74,78,61
