2,3,4,18
18,4,5,6,7,8,19,20,21
16,17,0,1,2,18,19,22,23
14,15,16,22
10,11,12,13,14,22,23,24,25
24,25,26,27
26,24,10,9,8,21,28,29,30
20,21,30,31
27,25,23,19,20,31,32,33,34
34,31,30,29
32,33,35,36
36,33,34,29,28,37,38,39,40
35,36,37,41
40,28,26,27,32,35,41,42,43
43,41,37,38
39,40,42,44,45,46,47,48,49
49,42,43,38,39,44,50,51,52
48,49,50,53
52,44,45,54
47,48,53,55
55,53,50,51
46,47,55,51,52,54,56,57,58
56,57,59,60
60,57,58,61
59,60,61,62,63,64,65,66,67
67,61,58,54,45,46,56,59,62
64,65,68,69
63,64,68,70
70,68,69,71
71,69,65,66,72,73,74,75,76
76,66,67,62,63,70,71,72,77
73,74,78,79
79,74,75,80
78,79,80,81
81,80,75,76,77,82,83,84,85
85,77,72,73,78,81,82,86,87
84,85,86,88
83,84,88,89
89,88,86,87
82,83,89,87
