5,4,3,2,1,0,30
18,17,16,15,14,13,31
7,6,5,30,29,28,32
11,10,9,8,7,32,33
33,32,28,27,26,34,35
31,13,12,11,33,34,36
35,26,25,24,23,22,37
20,19,18,31,36,38,39
39,36,34,35,37,40,41
41,37,22,21,20,38,42
42,41,40,43,44,45,46
46,40,39,38,42,43,47
47,46,45,48,49
44,43,47,48,50,51,52
52,48,49,53,54
54,49,45,44,50,55,56
53,52,51,57,58
55,54,53,57,59
58,51,50,56,60
59,57,58,60,61,62,63
63,60,56,55,59,61,64
64,63,62,65,66
66,62,61,64,65,67,68
68,67,69,70,71,72,73
73,67,66,65,68,69,74
74,73,72,75,76
70,69,74,75,77
77,75,76,78,79,80,81
81,76,72,71,82,83,84
84,71,70,77,78,85,86
85,84,83,87,88
86,85,87,89,90
79,78,86,89,91
91,89,90,92,93
93,90,87,88,94
94,88,83,82,95
92,93,94,95,96
96,95,82,81,80
79,91,92,96,80
