13,12,11
4,3,2,1,0,13,11,10,9,8,7,6,14,15,16,17,18
15,16,19
19,15,14
18,6,5,4,14,19,16,17,20,21,22,23,24,25,26,27,28
25,24,29
29,24,23
28,27,30
26,27,30
20,18,17,28,30,26,25,29,23,22,31,32,33,34,35,36,37
37,22,21
32,33,38
31,32,38
34,35,39
36,37,21,20,31,38,33,34,39,40,41,42,43,44,45,46,47
46,45,48
47,46,48
44,43,49
40,41,50
49,44,45,48,47,39,35,36,40,50,51,52,53,54,55,56,57
55,54,58
56,55,58
52,51,59
59,52,53
57,56,58,54,53,59,51,49,43,42,60,61,62,63,64,65,66
61,62,67
67,61,60
66,42,41,50,57,60,67,62,63,68,69,70,71,72,73,74,75
74,73,76
75,74,76
70,69,77
68,69,77
72,71,78
65,64,79
78,71,70,77,68,66,65,79,80,81,82,83,84,85,86,87,88
83,84,89
85,84,89
81,82,90
80,81,90
88,79,64,63,75,76,73,72,78,80,90,82,83,89,85,86,91
91,88,87
86,91,87
