2,3,4
16,17,0,1,2,4,5,6,7,8,18,19,20
18,19,21
20,19,21
14,15,16,18,21,20,8,9,10,22,23,24,25
22,23,26
26,22,14,13,12,11,10,25,27,28,29,30,31
24,25,31
30,29,32
28,27,33
33,27,26,23,24,31,30,32,34,35,36,37,38
38,37,39
35,34,40
40,34,33,28,29,32,38,39,41,42,43,44,45
44,43,46
45,44,46
42,41,47
47,42,43,46,45,39,37,36,48,49,50,51,52
52,51,53
48,47,41,40,35,36,52,53,54,55,56,57,58
54,48,49
57,56,59
58,57,59
50,51,53,58,59,56,55,60,61,62,63,64,65
61,62,66
60,61,66
65,55,54,49,50,60,66,62,63,67,68,69,70
64,65,67
68,69,71
70,63,64,67,68,71,72,73,74,75,76,77,78
74,75,79
76,75,79
72,73,80
77,78,81
80,73,74,79,76,77,81,82,83,84,85,86,87
83,84,88
82,83,88
85,86,89
87,81,78,71,69,70,72,80,82,88,84,85,89
86,87,89
