20,19,18
24,23,22,21,20,18,17,16,15,14,13,27,28,29
7,6,5
11,10,9,8,7,5,4,3,2,1,0,26,30,31
27,28,32
32,28,29
31,26,25,24,27,32,29,13,12,11,30,33,34,35
35,34,36
33,31,30,35,36,37,38,39,40,41,42,43,44,45
40,41,46
39,40,46
43,44,47
45,44,47
42,43,47,45,36,34,33,37,48,49,50,51,52,53
38,37,53
48,42,41,46,39,38,53,52,54,55,56,57,58,59
59,52,51
49,48,54
56,57,60
58,57,60
55,56,60,58,59,51,50,61,62,63,64,65,66,67
62,63,68
68,62,61
67,50,49,54,55,61,68,63,64,69,70,71,72,73
69,67,66
65,64,73
72,71,74
70,69,66,65,73,72,74,75,76,77,78,79,80,81
77,78,82
79,78,82
75,76,83
80,81,84
83,76,77,82,79,80,84,85,86,87,88,89,90,91
91,84,81,74,71,70,75,83,85,92,93,94,95,96
95,94,97
96,95,97
89,88,98
90,89,98
93,92,99
87,86,100
100,87,88,98,90,91,92,99,101,102,103,104,105,106
105,104,107
106,105,107
101,100,86,85,96,97,94,93,99,106,107,104,103,108
108,103,102
101,108,102
