11,12,13,27
18,19,20,28
27,13,14,15,16,17,18,28,29,30,31,32,33
5,6,7,34
26,0,1,2,3,4,5,34,35,36,37,38,39
39,34,7,8,9,10,11,27,29,40,41,42,43
24,25,26,35
33,28,20,21,22,23,24,35,36,44,45,46,47
32,33,44,48
38,39,40,49
43,29,30,50
47,36,37,51
51,37,38,49
31,32,48,52
52,48,44,45
42,43,50,53
41,42,53,54
46,47,51,49,40,41,54,55,56,57,58,59,60
60,54,53,50,30,31,52,45,46,55,61,62,63
59,60,61,64
63,55,56,65
64,61,62,66
66,62,63,65
58,59,64,66,65,56,57,67,68,69,70,71,72
69,70,73,74
71,70,74,75
73,69,68,76
72,71,75,77
76,68,67,78
77,75,74,73,76,78,79,80,81,82,83,84,85
85,78,67,58,57,72,77,79,86,87,88,89,90
86,85,84,91
80,79,90,92
92,90,89,93
81,80,92,93
87,86,91,94
94,91,84,83
88,87,94,83,82,95,96,97,98,99,100,101,102
97,98,103,104
103,97,96,105
105,103,104,106
95,96,105,106
102,82,81,93,89,88,95,106,104,98,99,107,108
107,102,101,109
108,107,109,110
110,109,101,100
99,108,110,100
