4,3,2,1,0,12,13,14,15,16
14,15,17
16,15,17
13,14,17,16,12,11,10,18,19,20
20,10,9,8,7,6,21,22,23,24
19,20,21
24,6,5,4,13,18,25,26,27,28
25,24,23
28,27,29
22,21,19,18,28,29,30,31,32,33
31,32,34
33,32,34
26,25,23,22,30,35,36,37,38,39
39,30,31,34,33,29,27,26,35,40
40,39,38
36,35,40,38,37,41,42,43,44,45
42,43,46
41,42,46
45,37,36,41,46,43,44,47,48,49
49,48,50
47,45,44,49,50,51,52,53,54,55
52,53,56
54,53,56
51,52,56,54,55,57,58,59,60,61
61,55,50,48,47,51,57,62,63,64
62,61,60
58,57,64
63,62,60,59,65,66,67,68,69,70
66,67,71
65,66,71
70,59,58,64,63,65,71,67,68,72
72,70,69
68,72,69
