16,15,14
2,1,0,17,16,14,13,12,11,10,18
8,7,6,5,4,19,20,21,22,23,24
20,21,25
19,20,25
18,10,9,8,19,25,21,22,26,27,28
26,27,29
23,22,28
29,27,28,23,24,30,31,32,33,34,35
35,24,4,3,2,18,26,29,30,36,37
34,33,38
38,33,32
37,36,39
39,36,35,34,38,32,31,40,41,42,43
40,41,44
43,31,30,37,39,40,44,45,46,47,48
47,46,49
45,46,49
48,47,49,45,43,42,50,51,52,53,54
51,52,55
55,52,53
50,51,55,53,54,56,57,58,59,60,61
61,54,42,41,44,48,50,56,62,63,64
62,61,60
57,56,64
59,58,65
63,62,60,59,65,66,67,68,69,70,71
67,68,72
66,67,72
69,70,73
71,65,58,57,64,63,66,72,68,69,73
70,73,71
